ind	P	D
1	1.0	0.0
2	1.5	0.5
3	2.3333333333333335	1.0
4	2.5	0.5
5	3.2	1.0
6	4.333333333333333	1.5
7	4.857142857142857	1.0
8	4.875	0.5
9	5.555555555555555	1.1111111111111112
10	5.7	0.6
11	6.454545454545454	1.1818181818181819
12	6.666666666666667	0.6666666666666666
13	7.461538461538462	1.2307692307692308
14	8.785714285714286	1.7857142857142858
15	9.533333333333333	1.2666666666666666
16	9.75	0.75
17	10.529411764705882	1.2941176470588236
18	10.777777777777779	0.7777777777777778
19	11.631578947368421	1.368421052631579
20	11.95	0.85
21	12.857142857142858	1.4285714285714286
22	13.227272727272727	0.9090909090909091
23	14.173913043478262	1.4782608695652173
24	14.583333333333334	0.9583333333333334
25	14.48	0.44
26	15.0	1.0384615384615385
27	16.11111111111111	1.6296296296296295
28	16.678571428571427	1.1071428571428572
29	16.655172413793103	0.5172413793103449
30	17.233333333333334	1.1
31	17.29032258064516	0.5806451612903226
32	17.9375	1.15625
33	19.151515151515152	1.7272727272727273
34	19.88235294117647	1.2647058823529411
35	20.02857142857143	0.6857142857142857
36	20.75	1.25
37	20.972972972972972	0.7567567567567568
38	21.763157894736842	1.3157894736842106
39	22.05128205128205	0.8205128205128205
40	22.9	1.375
41	23.21951219512195	0.8536585365853658
42	24.095238095238095	1.4047619047619047
43	24.441860465116278	0.8837209302325582
44	25.34090909090909	1.4318181818181819
45	25.711111111111112	0.9111111111111111
46	26.630434782608695	1.4565217391304348
47	26.97872340425532	0.8936170212765957
48	27.875	1.4375
49	28.26530612244898	0.9387755102040817
50	29.2	1.48
51	29.58823529411765	0.9411764705882353
52	29.442307692307693	0.40384615384615385
53	29.867924528301888	0.9622641509433962
54	30.85185185185185	1.5185185185185186
55	31.363636363636363	1.0545454545454545
56	31.339285714285715	0.5178571428571429
57	31.87719298245614	1.0701754385964912
58	32.96551724137931	1.6206896551724137
59	33.54237288135593	1.11864406779661
60	33.6	0.6
61	34.21311475409836	1.1475409836065573
62	34.306451612903224	0.6290322580645161
63	34.96825396825397	1.1904761904761905
64	35.0625	0.625
65	35.723076923076924	1.1846153846153846
66	36.93939393939394	1.7424242424242424
67	37.64179104477612	1.2388059701492538
68	37.8235294117647	0.7205882352941176
69	38.56521739130435	1.2753623188405796
70	38.77142857142857	0.7428571428571429
71	39.53521126760563	1.295774647887324
72	39.75	0.75
73	40.52054794520548	1.3013698630136987
74	40.82432432432432	0.8378378378378378
75	41.68	1.3866666666666667
76	42.0	0.8552631578947368
77	42.87012987012987	1.4025974025974026
78	43.243589743589745	0.9102564102564102
79	44.177215189873415	1.4683544303797469
80	44.5875	0.95
81	45.55555555555556	1.5061728395061729
82	46.0	0.9878048780487805
83	47.0	1.5421686746987953
84	47.476190476190474	1.0238095238095237
85	48.50588235294118	1.576470588235294
86	49.01162790697674	1.058139534883721
87	49.0	0.5402298850574713
88	49.54545454545455	1.0909090909090908
89	50.640449438202246	1.6404494382022472
90	51.21111111111111	1.1222222222222222
91	51.24175824175824	0.5824175824175825
92	51.83695652173913	1.141304347826087
93	51.89247311827957	0.6021505376344086
94	52.51063829787234	1.1595744680851063
95	53.68421052631579	1.7157894736842105
96	54.354166666666664	1.21875
97	54.4639175257732	0.6597938144329897
98	55.13265306122449	1.2142857142857142
99	55.313131313131315	0.7272727272727273
100	56.06	1.29
101	56.2970297029703	0.7821782178217822
102	57.09803921568628	1.3431372549019607
103	57.37864077669903	0.8252427184466019
104	58.22115384615385	1.3846153846153846
105	58.56190476190476	0.8857142857142857
106	59.4622641509434	1.4433962264150944
107	59.8411214953271	0.9252336448598131
108	60.77777777777778	1.4814814814814814
109	61.174311926605505	0.944954128440367
110	62.127272727272725	1.5
111	62.567567567567565	0.990990990990991
112	63.5625	1.5446428571428572
113	64.01769911504425	1.008849557522124
114	65.02631578947368	1.5614035087719298
115	65.51304347826087	1.0434782608695652
116	65.47413793103448	0.5172413793103449
117	65.99145299145299	1.0683760683760684
118	67.05932203389831	1.61864406779661
119	67.63865546218487	1.134453781512605
120	67.69166666666666	0.6083333333333333
121	68.29752066115702	1.1570247933884297
122	68.30327868852459	0.5573770491803278
123	68.86178861788618	1.1056910569105691
124	69.96774193548387	1.653225806451613
125	70.552	1.136
126	70.61904761904762	0.6190476190476191
127	71.23622047244095	1.1653543307086613
128	71.3671875	0.6796875
129	72.04651162790698	1.2248062015503876
130	72.1923076923077	0.6923076923076923
131	72.8854961832061	1.2366412213740459
132	73.07575757575758	0.7348484848484849
133	73.81203007518798	1.2781954887218046
134	74.01492537313433	0.746268656716418
135	74.76296296296296	1.288888888888889
136	75.00735294117646	0.7867647058823529
137	75.7956204379562	1.3284671532846715
138	76.07246376811594	0.8188405797101449
139	76.89208633093526	1.3597122302158273
140	77.22857142857143	0.8785714285714286
141	78.1063829787234	1.4184397163120568
142	78.45774647887323	0.8943661971830986
143	79.35664335664336	1.4405594405594406
144	79.72916666666667	0.9166666666666666
145	80.64827586206897	1.4620689655172414
146	81.06849315068493	0.9657534246575342
147	82.03401360544218	1.510204081632653
148	82.47972972972973	0.9932432432432432
149	83.46979865771812	1.5369127516778522
150	83.93333333333334	1.0133333333333334
151	84.94039735099338	1.5562913907284768
152	85.4342105263158	1.0460526315789473
153	85.40522875816994	0.5228758169934641
154	85.92207792207792	1.0649350649350648
155	85.91612903225807	0.5419354838709678
156	86.4551282051282	1.0833333333333333
157	87.53503184713375	1.624203821656051
158	88.10759493670886	1.120253164556962
159	88.11949685534591	0.559748427672956
160	88.675	1.1
161	89.77018633540372	1.639751552795031
162	90.35185185185185	1.1296296296296295
163	90.40490797546012	0.6012269938650306
164	91.0	1.1402439024390243
165	92.13333333333334	1.6787878787878787
166	92.75903614457832	1.1746987951807228
167	92.88023952095809	0.6706586826347305
168	93.54166666666667	1.2083333333333333
169	93.6508875739645	0.6568047337278107
170	94.30588235294118	1.2
171	94.45029239766082	0.6900584795321637
172	95.1453488372093	1.2383720930232558
173	95.32947976878613	0.7283236994219653
174	96.06896551724138	1.2816091954022988
175	96.32	0.7942857142857143
176	97.125	1.3465909090909092
177	97.38983050847457	0.807909604519774
178	98.20786516853933	1.3595505617977528
179	98.50837988826815	0.8435754189944135
180	99.36111111111111	1.3944444444444444
181	99.70718232044199	0.8895027624309392
182	100.6043956043956	1.4395604395604396
183	100.97267759562841	0.912568306010929
184	101.8913043478261	1.4619565217391304
185	102.31891891891892	0.972972972972973
186	103.29569892473118	1.521505376344086
187	103.76470588235294	1.0160427807486632
188	104.78191489361703	1.5638297872340425
189	105.28042328042328	1.0476190476190477
190	106.32631578947368	1.5947368421052632
191	106.83246073298429	1.057591623036649
192	106.8125	0.53125
193	107.34196891191709	1.077720207253886
194	107.34020618556701	0.5463917525773195
195	107.8923076923077	1.0974358974358975
196	108.99489795918367	1.6479591836734695
197	109.59390862944163	1.1472081218274113
198	109.65656565656566	0.6111111111111112
199	110.2713567839196	1.1608040201005025
200	110.39	0.665
201	111.05970149253731	1.2139303482587065
202	111.23267326732673	0.7178217821782178
203	111.95566502463055	1.2660098522167487
204	112.16666666666667	0.7549019607843137
205	112.92682926829268	1.302439024390244
206	113.14563106796116	0.7621359223300971
207	113.91304347826087	1.3091787439613527
208	114.1201923076923	0.75
209	114.88038277511961	1.3014354066985645
210	115.13809523809523	0.8
211	115.9478672985782	1.3507109004739337
212	116.25	0.8443396226415094
213	117.10328638497653	1.3943661971830985
214	117.4392523364486	0.8785046728971962
215	118.32558139534883	1.427906976744186
216	118.70370370370371	0.9212962962962963
217	119.63133640552995	1.4700460829493087
218	120.03669724770643	0.9495412844036697
219	120.99086757990868	1.4977168949771689
220	121.45	1.0045454545454546
221	122.45701357466064	1.5520361990950227
222	122.95495495495496	1.045045045045045
223	124.0	1.5919282511210762
224	124.52678571428571	1.0758928571428572
225	124.52888888888889	0.5511111111111111
226	125.07964601769912	1.0973451327433628
227	125.10572687224669	0.5726872246696035
228	125.6842105263158	1.1228070175438596
229	125.7117903930131	0.5720524017467249
230	126.29130434782608	1.1217391304347826
231	126.34632034632034	0.5974025974025974
232	126.95258620689656	1.146551724137931
233	127.05579399141631	0.6437768240343348
234	127.7094017094017	1.1923076923076923
235	127.87659574468086	0.7063829787234043
236	128.59322033898306	1.2542372881355932
237	128.79324894514767	0.7383966244725738
238	129.5420168067227	1.2857142857142858
239	129.77405857740587	0.7698744769874477
240	130.55416666666667	1.3166666666666667
241	130.83402489626556	0.8174273858921162
242	131.6611570247934	1.3636363636363635
243	131.9506172839506	0.8271604938271605
244	132.78688524590163	1.3729508196721312
245	133.11020408163265	0.8612244897959184
246	133.97967479674796	1.4065040650406504
247	134.33198380566802	0.8906882591093117
248	135.2298387096774	1.435483870967742
249	135.6265060240964	0.9357429718875502
250	136.568	1.48
251	136.996015936255	0.9681274900398407
252	137.96825396825398	1.5119047619047619
253	138.42687747035572	1.0
254	139.4291338582677	1.5433070866141732
255	139.90980392156862	1.0235294117647058
256	140.93359375	1.56640625
257	141.431906614786	1.0428015564202335
258	142.47286821705427	1.5852713178294573
259	142.988416988417	1.0617760617760619
260	144.04615384615386	1.603846153846154
261	144.5977011494253	1.0996168582375478
262	144.6412213740458	0.5916030534351145
263	145.2281368821293	1.1330798479087452
264	145.24621212121212	0.5643939393939394
265	145.80754716981133	1.1056603773584905
266	146.90977443609023	1.6466165413533835
267	147.4943820224719	1.1310861423220975
268	148.61940298507463	1.671641791044776
269	149.23420074349443	1.1635687732342008
270	149.32222222222222	0.6370370370370371
271	149.95571955719558	1.1808118081180812
272	150.0735294117647	0.6654411764705882
273	150.73992673992674	1.2124542124542124
274	150.9014598540146	0.708029197080292
275	151.6109090909091	1.2545454545454546
276	151.7644927536232	0.6992753623188406
277	152.47292418772562	1.2527075812274369
278	152.67985611510792	0.7517985611510791
279	153.44086021505376	1.3046594982078854
280	153.69642857142858	0.8
281	154.50533807829183	1.3523131672597866
282	154.8049645390071	0.8439716312056738
283	155.6572438162544	1.3957597173144876
284	156.0	0.8873239436619719
285	156.89473684210526	1.4385964912280702
286	157.2762237762238	0.9265734265734266
287	158.20905923344947	1.4773519163763067
288	158.63541666666666	0.9722222222222222
289	159.61245674740485	1.5224913494809689
290	160.07241379310344	1.006896551724138
291	161.08247422680412	1.556701030927835
292	161.56164383561645	1.0273972602739727
293	162.59044368600684	1.57679180887372
294	163.1122448979592	1.0714285714285714
295	164.18305084745762	1.6203389830508474
296	164.7533783783784	1.1216216216216217
297	164.77777777777777	0.5757575757575758
298	165.35570469798657	1.1275167785234899
299	165.42809364548495	0.6220735785953178
300	166.05333333333334	1.1733333333333333
301	166.156146179402	0.6511627906976745
302	166.8112582781457	1.2019867549668874
303	166.8976897689769	0.6336633663366337
304	167.53618421052633	1.1842105263157894
305	167.59672131147542	0.6065573770491803
306	168.20915032679738	1.1568627450980393
307	169.371335504886	1.706840390879479
308	170.03571428571428	1.2110389610389611
309	170.19741100323625	0.7087378640776699
310	170.90967741935484	1.2580645161290323
311	171.10289389067523	0.7395498392282959
312	171.84615384615384	1.2884615384615385
313	172.08945686900958	0.7891373801916933
314	172.88216560509554	1.3375796178343948
315	173.17142857142858	0.834920634920635
316	174.0094936708861	1.3829113924050633
317	174.34069400630915	0.8769716088328076
318	175.22327044025158	1.4276729559748427
319	175.58934169278996	0.9122257053291536
320	176.50625	1.4625
321	176.92523364485982	0.9657320872274143
322	177.8944099378882	1.515527950310559
323	178.3560371517028	1.0092879256965945
324	179.3672839506173	1.558641975308642
325	179.8676923076923	1.0492307692307692
326	180.91717791411043	1.598159509202454
327	181.44648318042815	1.0795107033639144
328	182.52439024390245	1.6280487804878048
329	183.09422492401217	1.121580547112462
330	184.21212121212122	1.6696969696969697
331	184.82175226586102	1.163141993957704
332	184.92469879518072	0.6566265060240963
333	185.58258258258257	1.2102102102102101
334	185.7305389221557	0.7005988023952096
335	186.4358208955224	1.2567164179104477
336	186.625	0.7410714285714286
337	187.37685459940653	1.3026706231454006
338	187.59467455621302	0.7692307692307693
339	188.3746312684366	1.3303834808259587
340	188.65	0.8264705882352941
341	189.4868035190616	1.3870967741935485
342	189.80994152046785	0.8742690058479532
343	190.69387755102042	1.434402332361516
344	191.05523255813952	0.9127906976744186
345	191.9768115942029	1.472463768115942
346	192.36994219653178	0.9450867052023122
347	193.32276657060518	1.5043227665706052
348	193.77298850574712	1.0028735632183907
349	194.78223495702005	1.5616045845272206
350	195.28	1.0514285714285714
351	196.33618233618233	1.6096866096866096
352	196.88636363636363	1.1051136363636365
353	197.9943342776204	1.6628895184135977
354	198.58757062146893	1.1497175141242937
355	198.66478873239436	0.6338028169014085
356	199.30337078651687	1.1938202247191012
357	199.42016806722688	0.6722689075630253
358	200.0977653631285	1.2318435754189945
359	200.25069637883007	0.7075208913649025
360	200.9638888888889	1.2666666666666666
361	201.16620498614958	0.7562326869806094
362	201.9281767955801	1.3149171270718232
363	202.17355371900825	0.7988980716253443
364	202.97802197802199	1.3571428571428572
365	203.26027397260273	0.8356164383561644
366	204.10109289617486	1.3934426229508197
367	204.425068119891	0.8773841961852861
368	205.3070652173913	1.434782608695652
369	205.68563685636857	0.9322493224932249
370	206.62432432432433	1.491891891891892
371	207.0458221024259	0.9757412398921833
372	208.0268817204301	1.5349462365591398
373	208.48793565683647	1.0160857908847185
374	209.50802139037432	1.5748663101604279
375	210.01333333333332	1.0613333333333332
376	211.07712765957447	1.6196808510638299
377	211.6233421750663	1.103448275862069
378	211.64021164021165	0.5740740740740741
379	212.21635883905014	1.1319261213720317
380	212.26052631578946	0.6
381	212.86614173228347	1.1601049868766404
382	212.95549738219896	0.643979057591623
383	213.60574412532637	1.2036553524804177
384	213.7265625	0.6744791666666666
385	214.4077922077922	1.2337662337662338
386	214.5544041450777	0.6994818652849741
387	215.2609819121447	1.2583979328165376
388	215.4536082474227	0.7448453608247423
389	216.20565552699227	1.3033419023136248
390	216.45384615384614	0.8
391	217.2608695652174	1.3580562659846547
392	217.56887755102042	0.8596938775510204
393	218.4351145038168	1.4173027989821882
394	218.78934010152284	0.9060913705583756
395	219.70126582278482	1.4632911392405064
396	220.09595959595958	0.946969696969697
397	221.0478589420655	1.5037783375314862
398	221.5	1.0050251256281406
399	222.50877192982455	1.5614035087719298
400	223.0025	1.0475
401	222.97256857855362	0.5236907730673317
402	223.5	1.0796019900497513
403	223.51116625310175	0.5632754342431762
404	224.07920792079207	1.118811881188119
405	224.11851851851853	0.5901234567901235
406	224.71428571428572	1.145320197044335
407	224.7788697788698	0.6142506142506142
408	225.39950980392157	1.1691176470588236
409	225.44987775061125	0.5990220048899756
410	226.05853658536586	1.1560975609756097
411	226.08515815085158	0.5742092457420924
412	226.66990291262135	1.1310679611650485
413	226.64648910411623	0.5230024213075061
414	227.18115942028984	1.0797101449275361
415	228.2722891566265	1.636144578313253
416	228.85817307692307	1.1322115384615385
417	228.8273381294964	0.5155875299760192
418	229.35645933014354	1.0741626794258374
419	230.44391408114558	1.6324582338902147
420	231.02142857142857	1.1238095238095238
421	232.15676959619952	1.6817102137767221
422	232.79857819905214	1.1895734597156398
423	232.93144208037825	0.6808510638297872
424	233.62264150943398	1.2382075471698113
425	233.80235294117648	0.7270588235294118
426	234.5399061032864	1.284037558685446
427	234.76346604215456	0.7704918032786885
428	235.54439252336448	1.3271028037383177
429	235.83216783216784	0.8344988344988346
430	236.6767441860465	1.3906976744186046
431	237.0278422273782	0.8979118329466357
432	237.9351851851852	1.4537037037037037
433	238.33718244803694	0.9491916859122402
434	239.29493087557603	1.5046082949308757
435	239.7425287356322	0.9954022988505747
436	240.7454128440367	1.5504587155963303
437	241.2425629290618	1.045766590389016
438	242.2945205479452	1.6004566210045663
439	242.8382687927107	1.0933940774487472
440	243.93636363636364	1.6477272727272727
441	244.52607709750566	1.1405895691609977
442	244.5995475113122	0.6244343891402715
443	245.23024830699774	1.18058690744921
444	245.34459459459458	0.6644144144144144
445	246.01573033707865	1.2202247191011235
446	246.17937219730942	0.7130044843049327
447	246.8993288590604	1.2684563758389262
448	247.10491071428572	0.7544642857142857
449	247.8663697104677	1.3095768374164811
450	248.1288888888889	0.8111111111111111
451	248.94678492239467	1.3658536585365855
452	249.25221238938053	0.8539823008849557
453	250.11258278145695	1.4083885209713025
454	250.47577092511014	0.9118942731277533
455	251.39340659340658	1.4659340659340658
456	251.80043859649123	0.956140350877193
457	252.76148796498907	1.5098468271334793
458	253.22489082969432	1.0131004366812226
459	254.24183006535947	1.5664488017429194
460	254.7478260869565	1.0565217391304347
461	255.80694143167028	1.6095444685466378
462	256.35064935064935	1.0952380952380953
463	257.44708423326136	1.6479481641468683
464	258.0344827586207	1.1400862068965518
465	258.0967741935484	0.6150537634408603
466	258.7124463519313	1.167381974248927
467	258.81156316916486	0.6509635974304069
468	259.46367521367523	1.202991452991453
469	259.60341151385927	0.6908315565031983
470	260.29574468085104	1.2425531914893617
471	260.47133757961785	0.7261146496815286
472	261.1991525423729	1.277542372881356
473	261.42283298097254	0.773784355179704
474	262.20042194092827	1.3270042194092826
475	262.48	0.8294736842105264
476	263.31302521008405	1.3823529411764706
477	263.62893081761007	0.8658280922431866
478	264.4979079497908	1.4184100418410042
479	264.8496868475992	0.9018789144050104
480	265.75416666666666	1.4541666666666666
481	266.13929313929316	0.9355509355509356
482	267.07676348547716	1.487551867219917
483	267.4989648033126	0.9730848861283644
484	268.47314049586777	1.524793388429752
485	268.9463917525773	1.024742268041237
486	269.97119341563786	1.5761316872427984
487	270.48049281314167	1.0616016427104722
488	271.5409836065574	1.6127049180327868
489	272.0838445807771	1.096114519427403
490	272.1102040816327	0.5795918367346938
491	272.6883910386965	1.1303462321792261
492	272.7682926829268	0.6321138211382114
493	273.3995943204868	1.182555780933063
494	273.50607287449395	0.6578947368421053
495	274.16565656565655	1.2101010101010101
496	274.30040322580646	0.6854838709677419
497	274.98792756539234	1.2374245472837022
498	275.16265060240966	0.7248995983935743
499	275.8897795591182	1.276553106212425
500	276.108	0.768
501	276.87824351297405	1.3193612774451098
502	277.1374501992032	0.8087649402390438
503	277.9502982107356	1.3618290258449304
504	278.25	0.8492063492063492
505	279.1049504950495	1.4039603960396039
506	279.4367588932806	0.8814229249011858
507	280.32347140039445	1.435897435897436
508	280.6929133858268	0.9192913385826772
509	281.61689587426326	1.4734774066797642
510	282.02745098039213	0.9607843137254902
511	282.9921722113503	1.5146771037181996
512	283.44140625	1.0
513	284.44444444444446	1.553606237816764
514	284.92996108949416	1.0369649805447472
515	285.96893203883496	1.5902912621359224
516	286.4903100775194	1.073643410852713
517	286.48355899419727	0.5454545454545454
518	287.03088803088804	1.0984555984555984
519	287.0597302504817	0.5799614643545279
520	287.6442307692308	1.1346153846153846
521	287.7101727447217	0.6161228406909789
522	288.33141762452107	1.1704980842911878
523	288.4206500956023	0.638623326959847
524	289.0648854961832	1.1927480916030535
525	289.2	0.6838095238095238
526	289.8897338403042	1.2376425855513309
527	290.05882352941177	0.7172675521821632
528	290.782196969697	1.2708333333333333
529	290.9981096408318	0.7637051039697542
530	291.76981132075474	1.318867924528302
531	292.0188323917138	0.7966101694915254
532	292.8251879699248	1.3533834586466165
533	293.1125703564728	0.8348968105065666
534	293.9569288389513	1.3913857677902621
535	294.28598130841124	0.8766355140186916
536	295.17164179104475	1.4328358208955223
537	295.5512104283054	0.9273743016759777
538	296.48698884758363	1.483271375464684
539	296.9165120593692	0.9777365491651205
540	297.90185185185186	1.5333333333333334
541	298.36968576709796	1.0166358595194085
542	299.3929889298893	1.5719557195571956
543	299.89871086556167	1.0552486187845305
544	299.8529411764706	0.5036764705882353
545	300.3633027522936	1.0587155963302752
546	301.42857142857144	1.6135531135531136
547	301.9780621572212	1.0987202925045705
548	302.007299270073	0.5784671532846716
549	302.591985428051	1.132969034608379
550	302.66	0.6163636363636363
551	303.28312159709617	1.1705989110707804
552	303.3713768115942	0.6358695652173914
553	304.01627486437616	1.1916817359855334
554	304.14981949458485	0.6805054151624549
555	304.83963963963964	1.236036036036036
556	305.021582733813	0.7284172661870504
557	305.7594254937163	1.2836624775583483
558	305.98387096774195	0.7706093189964157
559	306.7638640429338	1.3255813953488371
560	307.03035714285716	0.8125
561	307.85204991087346	1.3672014260249554
562	308.15836298932385	0.8523131672597865
563	309.01953818827707	1.4067495559502665
564	309.36170212765956	0.8882978723404256
565	310.258407079646	1.4424778761061947
566	310.64134275618375	0.9293286219081273
567	311.5784832451499	1.4832451499118167
568	311.9982394366197	0.9665492957746479
569	312.9718804920914	1.5202108963093146
570	313.43333333333334	1.0087719298245614
571	314.44833625218916	1.5621716287215412
572	314.958041958042	1.0576923076923077
573	314.9476439790576	0.537521815008726
574	315.4912891986063	1.0905923344947734
575	315.5234782608696	0.5791304347826087
576	316.109375	1.1319444444444444
577	316.1698440207972	0.6065857885615251
578	316.78373702422147	1.1591695501730104
579	316.88428324697753	0.6459412780656304
580	317.53793103448277	1.1982758620689655
581	317.6764199655766	0.6833046471600689
582	318.37113402061857	1.238831615120275
583	318.55746140651803	0.7307032590051458
584	319.2996575342466	1.2859589041095891
585	319.51452991452993	0.7589743589743589
586	320.2849829351536	1.3139931740614335
587	320.52470187393527	0.7836456558773425
588	321.32142857142856	1.3401360544217686
589	321.60101867572155	0.8234295415959253
590	322.43728813559323	1.3796610169491526
591	322.7631133671743	0.8697123519458545
592	323.64527027027026	1.4256756756756757
593	324.0118043844857	0.9106239460370995
594	324.9343434343434	1.4663299663299663
595	325.3478991596639	0.957983193277311
596	326.31711409395973	1.5134228187919463
597	326.77051926298157	0.998324958123953
598	327.7792642140468	1.5535117056856187
599	328.2754590984975	1.0417362270450752
600	329.32666666666665	1.5966666666666667
601	329.8618968386023	1.08153078202995
602	330.9518272425249	1.6362126245847175
603	331.5223880597015	1.1177446102819237
604	331.55132450331126	0.5761589403973509
605	332.1404958677686	1.1355371900826445
606	332.2079207920792	0.6138613861386139
607	332.83525535420097	1.172981878088962
608	332.9457236842105	0.65625
609	333.615763546798	1.2151067323481117
610	333.7770491803279	0.7065573770491803
611	334.4975450081833	1.265139116202946
612	334.702614379085	0.75
613	335.46655791190864	1.3083197389885808
614	335.7100977198697	0.7882736156351792
615	336.51382113821137	1.3479674796747967
616	336.80194805194805	0.8327922077922078
617	337.64991896272284	1.3922204213938412
618	337.9822006472492	0.8770226537216829
619	338.87399030694667	1.4361873990306946
620	339.241935483871	0.9129032258064517
621	340.1690821256039	1.4718196457326893
622	340.59163987138265	0.9678456591639871
623	341.5730337078652	1.5264847512038524
624	342.0400641025641	1.0128205128205128
625	343.0656	1.5712
626	343.5766773162939	1.0575079872204474
627	344.64593301435406	1.6156299840510366
628	345.20063694267515	1.1019108280254777
629	345.23688394276627	0.5834658187599364
630	345.8365079365079	1.146031746031746
631	345.9128367670364	0.6228209191759112
632	346.55221518987344	1.1851265822784811
633	346.68088467614535	0.674565560821485
634	347.37223974763407	1.2365930599369086
635	347.5244094488189	0.6976377952755906
636	348.23899371069183	1.259433962264151
637	348.42072213500785	0.7268445839874411
638	349.16457680250784	1.2884012539184952
639	349.3943661971831	0.7746478873239436
640	350.1859375	1.3359375
641	350.4524180967239	0.8112324492979719
642	351.2819314641745	1.3738317757009346
643	351.6049766718507	0.8678071539657853
644	352.49068322981367	1.4301242236024845
645	352.86511627906975	0.9193798449612403
646	353.8018575851393	1.4814241486068112
647	354.225656877898	0.9690880989180835
648	355.21141975308643	1.5308641975308641
649	355.6825885978428	1.0169491525423728
650	356.7153846153846	1.5784615384615384
651	357.23348694316434	1.064516129032258
652	358.3128834355828	1.6257668711656441
653	358.8820826952527	1.116385911179173
654	358.9204892966361	0.5856269113149847
655	359.5221374045802	1.1480916030534352
656	359.6128048780488	0.6371951219512195
657	360.26788432267887	1.2009132420091324
658	360.3829787234043	0.6610942249240122
659	361.062215477997	1.2245827010622155
660	361.21060606060604	0.693939393939394
661	361.92284417549166	1.2571860816944025
662	362.119335347432	0.7416918429003021
663	362.88084464555055	1.306184012066365
664	363.1340361445783	0.7981927710843374
665	363.95187969924814	1.362406015037594
666	364.25375375375376	0.8468468468468469
667	365.119940029985	1.4107946026986506
668	365.47904191616766	0.9041916167664671
669	366.4035874439462	1.4693572496263079
670	366.81940298507465	0.9611940298507463
671	367.80029806259313	1.526080476900149
672	368.26785714285717	1.0133928571428572
673	369.3001485884101	1.5780089153046062
674	369.81899109792283	1.0652818991097923
675	369.8222222222222	0.5496296296296296
676	370.3905325443787	1.113905325443787
677	370.44756277695717	0.6026587887740029
678	371.0693215339233	1.1666666666666667
679	371.1458026509573	0.6215022091310751
680	371.7867647058824	1.1852941176470588
681	371.85168869309837	0.6093979441997063
682	372.4809384164223	1.1730205278592376
683	372.5402635431918	0.6032210834553441
684	373.16520467836256	1.1681286549707601
685	373.2	0.5781021897810219
686	373.801749271137	1.1443148688046647
687	373.8282387190684	0.5691411935953421
688	374.42151162790697	1.135174418604651
689	374.44267053701014	0.5631349782293179
690	375.0304347826087	1.1289855072463768
691	375.04196816208395	0.552821997105644
692	375.62138728323697	1.119942196531792
693	375.6233766233766	0.5425685425685426
694	376.19452449567723	1.1109510086455332
695	377.3338129496403	1.679136690647482
696	377.9669540229885	1.1738505747126438
697	379.167862266858	1.7417503586800573
698	379.86246418338106	1.2363896848137537
699	380.0572246065808	0.7367668097281831
700	380.82	1.3042857142857143
701	381.0784593437946	0.8002853067047075
702	381.90455840455843	1.3675213675213675
703	382.226173541963	0.8634423897581792
704	383.1150568181818	1.4303977272727273
705	383.4936170212766	0.9205673758865248
706	384.4390934844193	1.4872521246458923
707	384.8783592644979	0.9816124469589816
708	385.88418079096044	1.5480225988700564
709	386.3836389280677	1.0423131170662905
710	387.4492957746479	1.6084507042253522
711	388.0070323488045	1.1012658227848102
712	389.1306179775281	1.6671348314606742
713	389.7531556802244	1.1669004207573632
714	390.94117647058823	1.7324929971988796
715	391.6223776223776	1.2265734265734265
716	391.79748603351953	0.7206703910614525
717	392.53835425383545	1.2859135285913528
718	392.77298050139274	0.7799442896935933
719	393.57301808066757	1.344923504867872
720	393.8611111111111	0.8333333333333334
721	394.7142857142857	1.3980582524271845
722	395.0595567867036	0.8905817174515236
723	395.969571230982	1.4550484094052558
724	396.3756906077348	0.9516574585635359
725	397.34620689655173	1.5158620689655173
726	397.8126721763085	1.012396694214876
727	398.84319119669874	1.576341127922971
728	399.36813186813185	1.0714285714285714
729	400.4567901234568	1.635116598079561
730	401.0383561643836	1.1287671232876713
731	402.1846785225718	1.6935704514363885
732	402.8224043715847	1.185792349726776
733	402.95088676671213	0.6766712141882674
734	403.6444141689373	1.2411444141689374
735	403.8285714285714	0.7319727891156462
736	404.57744565217394	1.296195652173913
737	404.8168249660787	0.7869742198100407
738	405.62059620596204	1.3509485094850948
739	405.9133964817321	0.8403247631935047
740	406.77027027027026	1.404054054054054
741	407.1241565452092	0.9014844804318488
742	408.04177897574124	1.4649595687331536
743	408.4495289367429	0.955585464333782
744	409.4206989247312	1.5188172043010753
745	409.8859060402685	1.0134228187919463
746	410.9142091152815	1.5764075067024128
747	411.4310575635877	1.0655957161981258
748	412.51069518716577	1.6283422459893049
749	413.08277703604807	1.1214953271028036
750	414.21733333333333	1.684
751	414.84420772303594	1.1770972037283622
752	414.95877659574467	0.6648936170212766
753	415.63612217795486	1.2270916334661355
754	415.80371352785147	0.7175066312997348
755	416.5337748344371	1.2794701986754966
756	416.7579365079365	0.7738095238095238
757	417.5442536327609	1.3355350066050198
758	417.811345646438	0.816622691292876
759	418.6403162055336	1.378129117259552
760	418.96447368421053	0.8736842105263158
761	419.85019710906704	1.4349540078843628
762	420.2283464566929	0.9278215223097113
763	421.16775884665793	1.488859764089122
764	421.5955497382199	0.9777486910994765
765	422.5843137254902	1.538562091503268
766	423.06527415143603	1.031331592689295
767	424.1069100391134	1.5919165580182528
768	424.6432291666667	1.0872395833333333
769	425.739921976593	1.6475942782834851
770	426.32077922077923	1.1324675324675324
771	426.39429312581063	0.6251621271076524
772	427.0284974093264	1.1852331606217616
773	427.1487710219922	0.6714100905562742
774	427.82945736434107	1.231266149870801
775	427.99225806451614	0.7135483870967742
776	428.715206185567	1.2731958762886597
777	428.9189189189189	0.7541827541827542
778	429.68251928020567	1.313624678663239
779	429.9255455712452	0.7933247753530167
780	430.7282051282051	1.3525641025641026
781	431.01920614596673	0.8412291933418694
782	431.8695652173913	1.4002557544757033
783	432.19795657726695	0.8786717752234994
784	433.0854591836735	1.4375
785	433.45987261146496	0.9248407643312102
786	434.39312977099235	1.4834605597964376
787	434.8094027954257	0.9669631512071156
788	435.78426395939084	1.5253807106598984
789	436.23954372623575	1.0063371356147022
790	437.253164556962	1.5645569620253164
791	437.7509481668774	1.0493046776232617
792	438.8068181818182	1.6073232323232323
793	439.344262295082	1.08953341740227
794	440.4395465994962	1.6473551637279598
795	441.01635220125786	1.129559748427673
796	441.07035175879395	0.6067839195979899
797	441.6825595984944	1.164366373902133
798	441.7706766917293	0.6403508771929824
799	442.41927409261575	1.200250312891114
800	442.5525	0.685
801	443.24719101123594	1.2459425717852683
802	443.4214463840399	0.7256857855361596
803	444.1569115815691	1.286425902864259
804	444.3768656716418	0.7711442786069652
805	445.15776397515526	1.3316770186335403
806	445.4181141439206	0.8114143920595533
807	446.23915737298637	1.3717472118959109
808	446.53341584158414	0.8452970297029703
809	447.38813349814586	1.4054388133498146
810	447.72962962962964	0.8925925925925926
811	448.63131935881626	1.4525277435265105
812	449.01477832512313	0.9347290640394089
813	449.95817958179583	1.4944649446494465
814	450.3931203931204	0.9864864864864865
815	451.3877300613497	1.5460122699386503
816	451.8639705882353	1.0281862745098038
817	452.89963280293756	1.587515299877601
818	453.4168704156479	1.069682151589242
819	454.4932844932845	1.6288156288156288
820	455.0487804878049	1.1085365853658538
821	455.09135200974424	0.5956151035322778
822	455.6934306569343	1.1545012165450121
823	455.7703523693803	0.6294046172539489
824	456.40655339805824	1.1881067961165048
825	456.5284848484848	0.673939393939394
826	457.2094430992736	1.2324455205811138
827	457.37363966142686	0.7158403869407497
828	458.0978260869565	1.2753623188405796
829	458.2907117008444	0.744270205066345
830	459.0433734939759	1.3036144578313253
831	459.280385078219	0.7882069795427196
832	460.0769230769231	1.3473557692307692
833	460.35534213685474	0.82953181272509
834	461.19304556354916	1.3884892086330936
835	461.51616766467066	0.874251497005988
836	462.39832535885165	1.4330143540669857
837	462.7658303464755	0.918757467144564
838	463.69331742243435	1.4785202863961815
839	464.10131108462457	0.9594755661501788
840	465.06904761904764	1.519047619047619
841	465.51961950059456	1.0023781212841856
842	466.5296912114014	1.5617577197149644
843	467.02491103202846	1.047449584816133
844	468.0793838862559	1.6066350710900474
845	468.61538461538464	1.0887573964497042
846	469.71040189125296	1.6477541371158393
847	470.2857142857143	1.128689492325856
848	470.33254716981133	0.6002358490566038
849	470.9387514723204	1.1590106007067138
850	471.02	0.6341176470588236
851	471.66039952996476	1.1927144535840188
852	471.78169014084506	0.6737089201877934
853	472.4618991793669	1.2321219226260258
854	472.6288056206089	0.7189695550351288
855	473.35555555555555	1.2783625730994153
856	473.55957943925233	0.7558411214953271
857	474.32438739789967	1.3162193698949824
858	474.56526806526807	0.7925407925407926
859	475.36670547147844	1.3527357392316648
860	475.66046511627906	0.8453488372093023
861	476.51451800232286	1.40534262485482
862	476.8445475638051	0.8816705336426914
863	477.7346465816918	1.4414831981460023
864	478.1134259259259	0.9305555555555556
865	479.05202312138726	1.4901734104046243
866	479.4780600461894	0.9780600461893765
867	480.4636678200692	1.5374855824682814
868	480.93663594470047	1.0253456221198156
869	481.96892980437286	1.5845799769850404
870	482.48850574712645	1.0724137931034483
871	482.48794489092995	0.5522388059701493
872	483.04701834862385	1.1112385321100917
873	483.07216494845363	0.5773195876288659
874	483.6567505720824	1.1361556064073226
875	483.71885714285713	0.6137142857142858
876	484.3401826484018	1.1723744292237444
877	484.4458380843786	0.6567844925883695
878	485.1104783599089	1.215261958997722
879	485.25711035267346	0.6973833902161547
880	485.9625	1.2556818181818181
881	486.1566401816118	0.7446083995459705
882	486.9092970521542	1.3027210884353742
883	487.1472253680634	0.7882219705549264
884	487.9434389140271	1.3461538461538463
885	488.22146892655365	0.8282485875706215
886	489.05756207674943	1.3860045146726863
887	489.369785794814	0.8624577226606539
888	490.23986486486484	1.420045045045045
889	490.5838020247469	0.8942632170978627
890	491.48539325842694	1.451685393258427
891	491.8742985409652	0.9393939393939394
892	492.8206278026906	1.4966367713004485
893	493.2508398656215	0.9809630459126539
894	494.23825503355704	1.5380313199105144
895	494.7117318435754	1.0245810055865923
896	495.7421875	1.5814732142857142
897	496.25529542920845	1.064659977703456
898	497.3251670378619	1.621380846325167
899	497.880978865406	1.1078976640711902
900	497.92333333333335	0.5944444444444444
901	498.5227524972253	1.150943396226415
902	498.59423503325945	0.623059866962306
903	499.22259136212625	1.1794019933554818
904	499.32964601769913	0.6581858407079646
905	499.9944751381216	1.2154696132596685
906	500.1456953642384	0.7019867549668874
907	500.8555678059537	1.2601984564498345
908	501.0484581497797	0.7433920704845814
909	501.7997799779978	1.3014301430143014
910	502.0362637362637	0.7868131868131868
911	502.8309549945115	1.344676180021954
912	503.109649122807	0.8289473684210527
913	503.9463307776561	1.3866374589266155
914	504.2636761487965	0.8676148796498906
915	505.13879781420763	1.4251366120218578
916	505.49781659388645	0.9093886462882096
917	506.4143947655398	1.4667393675027263
918	506.81481481481484	0.9509803921568627
919	507.7725788900979	1.5081610446137106
920	508.2130434782609	0.991304347826087
921	509.21064060803474	1.5483170466883822
922	509.68980477223425	1.0303687635574836
923	510.72589382448535	1.5872156013001084
924	511.24242424242425	1.0681818181818181
925	511.2302702702703	0.5394594594594595
926	511.77645788336935	1.0971922246220303
927	511.7993527508091	0.5738942826321467
928	512.3836206896551	1.134698275862069
929	512.448869752422	0.6157158234660925
930	513.0752688172043	1.1763440860215053
931	513.1825993555317	0.6573576799140709
932	513.8508583690987	1.2178111587982832
933	513.9957127545551	0.6945337620578779
934	514.7012847965739	1.2548179871520342
935	514.8812834224599	0.7294117647058823
936	515.6217948717949	1.2895299145299146
937	515.8452508004269	0.7726787620064034
938	516.6289978678038	1.3326226012793176
939	516.8935037273695	0.8136315228966986
940	517.718085106383	1.373404255319149
941	518.0318809776833	0.8629117959617428
942	518.9055201698513	1.4225053078556262
943	519.2682926829268	0.911983032873807
944	520.1906779661017	1.4713983050847457
945	520.5978835978837	0.9566137566137566
946	521.5644820295983	1.5158562367864694
947	522.012671594509	0.9978880675818373
948	523.0200421940929	1.5569620253164558
949	523.522655426765	1.0526870389884089
950	523.4915789473685	0.5189473684210526
951	524.0199789695058	1.077812828601472
952	525.1071428571429	1.6365546218487395
953	525.6757607555089	1.118572927597062
954	525.7117400419287	0.5859538784067087
955	526.310994764398	1.1486910994764399
956	526.3953974895397	0.6338912133891214
957	527.042842215256	1.1964472309299896
958	527.1680584551149	0.6743215031315241
959	527.8561001042752	1.2367049009384776
960	528.0125	0.7052083333333333
961	528.732570239334	1.2684703433922997
962	528.9261954261955	0.7422037422037422
963	529.6832814122533	1.3052959501557633
964	529.9253112033196	0.7904564315352697
965	530.7305699481865	1.3533678756476684
966	531.0238095238095	0.8416149068322981
967	531.8800413650465	1.4043433298862462
968	532.2221074380166	0.890495867768595
969	533.1269349845202	1.453044375644995
970	533.5164948453609	0.9381443298969072
971	534.4685890834191	1.5005149330587024
972	534.9104938271605	0.9907407407407407
973	535.9146968139773	1.552929085303186
974	536.4065708418891	1.0410677618069815
975	537.4605128205128	1.603076923076923
976	538.0	1.089139344262295
977	538.0092118730809	0.5588536335721597
978	538.5828220858896	1.1226993865030674
979	538.6404494382023	0.6067415730337079
980	539.2622448979591	1.170408163265306
981	539.3649337410806	0.6513761467889908
982	540.0315682281059	1.2148676171079429
983	540.1678535096643	0.6846388606307223
984	540.8689024390244	1.2489837398373984
985	541.0446700507614	0.7238578680203046
986	541.7849898580122	1.2880324543610548
987	542.0050658561297	0.767983789260385
988	542.7894736842105	1.3319838056680162
989	543.036400404449	0.7947421638018201
990	543.8484848484849	1.3595959595959597
991	544.1533804238144	0.8526740665993946
992	545.023185483871	1.4173387096774193
993	545.3846928499496	0.9093655589123867
994	546.3118712273642	1.4748490945674044
995	546.732663316583	0.9688442211055276
996	547.718875502008	1.534136546184739
997	548.1905717151454	1.020060180541625
998	549.2274549098196	1.5851703406813626
999	549.7487487487488	1.07007007007007
1000	550.835	1.635
1001	551.4095904095905	1.123876123876124
1002	551.4690618762475	0.6087824351297405
1003	552.0957128614158	1.1754735792622133
1004	552.2091633466135	0.6623505976095617
1005	552.889552238806	1.228855721393035
1006	553.0477137176938	0.7067594433399602
1007	553.772591857001	1.2730883813306852
1008	553.9751984126984	0.7509920634920635
1009	554.7443012884044	1.3171456888007929
1010	554.9990099009901	0.802970297029703
1011	555.8199802176064	1.3689416419386746
1012	556.1225296442688	0.8507905138339921
1013	556.9911154985192	1.416584402764067
1014	557.3461538461538	0.903353057199211
1015	558.2669950738916	1.4689655172413794
1016	558.6732283464567	0.9547244094488189
1017	559.6450344149459	1.52015732546706
1018	560.0982318271119	1.0019646365422397
1019	561.116781157998	1.5672227674190382
1020	561.621568627451	1.053921568627451
1021	562.6914789422135	1.6190009794319296
1022	563.2436399217221	1.101761252446184
1023	563.2717497556207	0.5777126099706745
1024	563.865234375	1.142578125
1025	563.9424390243903	0.6263414634146341
1026	564.5847953216374	1.1910331384015596
1027	564.6903602726387	0.6543330087633885
1028	565.3608949416342	1.2188715953307394
1029	565.4985422740525	0.6861030126336248
1030	566.2009708737864	1.250485436893204
1031	566.3840931134821	0.7313288069835111
1032	567.1317829457364	1.2955426356589148
1033	567.3659244917716	0.782187802516941
1034	568.1644100580271	1.3462282398452612
1035	568.4434782608696	0.8270531400966183
1036	569.2866795366796	1.390926640926641
1037	569.6142719382835	0.875602700096432
1038	570.5057803468208	1.439306358381503
1039	570.8835418671799	0.9258902791145333
1040	571.825	1.489423076923077
1041	572.2487992315082	0.9721421709894332
1042	573.2360844529751	1.5355086372360844
1043	573.7046979865772	1.0172579098753596
1044	574.7365900383141	1.5804597701149425
1045	575.2583732057416	1.0708133971291867
1046	575.2648183556405	0.5554493307839388
1047	575.8347659980898	1.1184336198662845
1048	575.888358778626	0.6020992366412213
1049	576.5061963775024	1.1658722592945663
1050	576.5952380952381	0.6371428571428571
1051	577.2483349191247	1.2007611798287345
1052	577.3707224334601	0.6701520912547528
1053	578.05698005698	1.2336182336182335
1054	578.219165085389	0.7096774193548387
1055	578.9450236966825	1.2729857819905213
1056	579.1382575757576	0.740530303030303
1057	579.8949858088931	1.303689687795648
1058	580.1379962192817	0.7901701323251418
1059	580.9442870632672	1.3531633616619452
1060	581.2349056603773	0.8377358490566038
1061	582.0885956644674	1.400565504241282
1062	582.4293785310734	0.8879472693032016
1063	583.3330197554092	1.4506114769520226
1064	583.7265037593985	0.9407894736842105
1065	584.6826291079813	1.503286384976526
1066	585.126641651032	0.9915572232645403
1067	586.133083411434	1.5538894095595126
1068	586.626404494382	1.0411985018726593
1069	587.6819457436857	1.6033676333021516
1070	588.2224299065421	1.088785046728972
1071	588.2147525676937	0.5406162464985994
1072	588.7695895522388	1.1026119402985075
1073	588.8126747437092	0.5908667287977633
1074	589.4199255121043	1.1545623836126628
1075	589.4920930232558	0.6195348837209302
1076	590.1291821561339	1.1840148698884758
1077	590.2358402971216	0.6536675951717734
1078	590.9072356215213	1.2179962894248608
1079	591.0518999073216	0.6913809082483782
1080	591.7620370370371	1.2564814814814815
1081	591.9352451433857	0.7197039777983348
1082	592.6737523105361	1.2846580406654344
1083	592.9012003693445	0.7737765466297323
1084	593.6937269372694	1.338560885608856
1085	593.973271889401	0.8258064516129032
1086	594.817679558011	1.3904235727440146
1087	595.1471941122355	0.8758049678012879
1088	596.0413602941177	1.4402573529411764
1089	596.4178145087236	0.9228650137741047
1090	597.3587155963303	1.4871559633027522
1091	597.7910174152154	0.9789184234647113
1092	598.7875457875458	1.543040293040293
1093	599.2735590118939	1.0329368709972553
1094	600.3235831809872	1.5968921389396709
1095	600.8611872146118	1.084931506849315
1096	600.8686131386861	0.5547445255474452
1097	601.4402917046491	1.1185050136736554
1098	601.4972677595629	0.6038251366120219
1099	602.1182893539582	1.167424931756142
1100	602.21	0.6381818181818182
1101	602.8655767484105	1.2016348773841963
1102	602.9954627949184	0.6760435571687841
1103	603.6890299184043	1.2393472348141432
1104	603.8469202898551	0.7038043478260869
1105	604.5683257918552	1.2669683257918551
1106	604.7766726943942	0.7540687160940326
1107	605.5483288166215	1.3170731707317074
1108	605.8104693140795	0.8077617328519856
1109	606.6357078449054	1.3706041478809738
1110	606.9441441441442	0.8540540540540541
1111	607.8154815481548	1.4167416741674168
1112	608.1771582733813	0.9073741007194245
1113	609.1015274034143	1.4699011680143756
1114	609.5215439856373	0.9658886894075404
1115	610.5040358744394	1.5282511210762333
1116	610.9731182795699	1.0152329749103943
1117	612.0044762757386	1.577439570277529
1118	612.5259391771019	1.0679785330948122
1119	613.609472743521	1.6300268096514745
1120	614.1830357142857	1.1205357142857142
1121	614.2078501338091	0.5718108831400536
1122	614.7950089126559	1.1336898395721926
1123	614.8691006233304	0.6206589492430988
1124	615.5062277580071	1.1832740213523132
1125	615.6151111111111	0.6551111111111111
1126	616.2868561278863	1.2175843694493784
1127	616.4294587400177	0.6885536823425022
1128	617.1347517730496	1.250886524822695
1129	617.3215234720992	0.7325066430469442
1130	618.070796460177	1.2946902654867256
1131	618.3094606542883	0.784261715296198
1132	619.1104240282685	1.3462897526501767
1133	619.4007060900265	0.8358340688437775
1134	620.2530864197531	1.3977072310405643
1135	620.5911894273128	0.8837004405286344
1136	621.4911971830986	1.4454225352112675
1137	621.8768689533861	0.9313984168865436
1138	622.8242530755712	1.4929701230228472
1139	623.2563652326602	0.9780509218612818
1140	624.25	1.5394736842105263
1141	624.7274320771253	1.0236634531113058
1142	625.7661996497374	1.584938704028021
1143	626.2834645669292	1.063867016622922
1144	627.3618881118881	1.625
1145	627.9379912663755	1.1231441048034934
1146	627.9493891797557	0.5584642233856894
1147	628.5222319093286	1.1194420226678292
1148	628.5287456445993	0.5531358885017421
1149	629.0966057441253	1.114012184508268
1150	629.1008695652174	0.5504347826086956
1151	629.666377063423	1.11120764552563
1152	630.7925347222222	1.671875
1153	631.4067649609714	1.1604509973980919
1154	631.4982668977469	0.6377816291161178
1155	632.1515151515151	1.199134199134199
1156	632.273356401384	0.6678200692041523
1157	632.9567847882455	1.2290406222990493
1158	633.1243523316062	0.7132987910189983
1159	633.8533218291631	1.2743744607420189
1160	634.071551724138	0.7637931034482759
1161	634.8509905254091	1.3247200689061154
1162	635.1196213425129	0.8141135972461274
1163	635.9492691315563	1.3748925193465176
1164	636.2714776632303	0.8676975945017182
1165	637.1545064377682	1.4283261802575107
1166	637.5214408233276	0.9125214408233276
1167	638.4490145672665	1.4730077120822622
1168	638.8638698630137	0.9606164383561644
1169	639.8391787852865	1.5209580838323353
1170	640.3017094017094	1.0085470085470085
1171	641.3245089666951	1.5687446626814687
1172	641.8310580204778	1.052901023890785
1173	641.8218243819267	0.5370843989769821
1174	642.3747870528109	1.0988074957410563
1175	643.4893617021277	1.6604255319148937
1176	644.0926870748299	1.1496598639455782
1177	644.17841971113	0.6321155480033984
1178	644.8268251273345	1.1943972835314092
1179	644.9033078880407	0.6225614927905004
1180	645.542372881356	1.1847457627118645
1181	645.6164267569856	0.619813717188823
1182	646.2529610829104	1.1818950930626058
1183	646.301775147929	0.5942519019442096
1184	646.9130067567568	1.15625
1185	646.9848101265823	0.6168776371308017
1186	647.6197301854975	1.1795952782462058
1187	647.664700926706	0.5897219882055602
1188	648.273569023569	1.1531986531986531
1189	649.4457527333894	1.7165685449957948
1190	650.1109243697479	1.2100840336134453
1191	650.2586062132661	0.6926952141057935
1192	650.9697986577181	1.2558724832214765
1193	651.1718357082984	0.7468566638725901
1194	651.9371859296482	1.3098827470686767
1195	652.1824267782426	0.7899581589958159
1196	652.9908026755853	1.3528428093645486
1197	653.2865497076024	0.8404344193817878
1198	654.1452420701169	1.4031719532554257
1199	654.4962468723936	0.8957464553794829
1200	655.41	1.4583333333333333
1201	655.8151540383014	0.9500416319733556
1202	656.7828618968387	1.5124792013311148
1203	657.2460515378222	1.0083125519534497
1204	658.2715946843854	1.5705980066445182
1205	658.7892116182572	1.0630705394190871
1206	659.8689883913764	1.6252072968490878
1207	660.4407622203811	1.1176470588235294
1208	661.5745033112582	1.679635761589404
1209	662.1968569065343	1.1687344913151365
1210	663.3809917355372	1.7305785123966941
1211	664.0520231213873	1.218001651527663
1212	664.2128712871287	0.7079207920792079
1213	664.9356966199506	1.2695795548227535
1214	665.1457990115322	0.757001647446458
1215	665.917695473251	1.3185185185185184
1216	666.1768092105264	0.805921052631579
1217	666.9983566146261	1.3681183237469186
1218	667.3111658456486	0.8596059113300493
1219	668.1862182116489	1.4216570959803116
1220	668.5491803278688	0.9098360655737705
1221	669.4742014742014	1.4717444717444716
1222	669.8870703764321	0.9599018003273322
1223	670.8618152085037	1.5216680294358136
1224	671.3218954248366	1.0073529411764706
1225	672.3436734693878	1.5689795918367346
1226	672.8531810766721	1.0570962479608483
1227	673.924205378973	1.6185819070904646
1228	674.4845276872965	1.1083061889250814
1229	675.606183889341	1.6696501220504476
1230	676.2162601626017	1.1585365853658536
1231	677.3874898456539	1.7197400487408612
1232	678.0462662337662	1.2077922077922079
1233	678.1922141119221	0.6950527169505272
1234	678.8995137763371	1.2560777957860616
1235	679.0939271255061	0.7433198380566801
1236	679.8495145631068	1.3042071197411003
1237	680.0913500404204	0.7906224737267583
1238	680.8941841680129	1.351373182552504
1239	681.1872477804682	0.8418079096045198
1240	682.041129032258	1.4024193548387096
1241	682.3835616438356	0.8912167606768735
1242	683.2866344605475	1.4516908212560387
1243	683.67417538214	0.9364440868865648
1244	684.6221864951768	1.4967845659163987
1245	685.0578313253012	0.9847389558232932
1246	686.053772070626	1.5449438202247192
1247	686.5348837209302	1.0304731355252605
1248	687.5761217948718	1.5905448717948718
1249	688.107285828663	1.0808646917534028
1250	689.1984	1.6408
1251	689.7785771382894	1.1302957633892885
1252	690.9185303514377	1.6900958466453675
1253	691.5442936951317	1.1763766959297686
1254	691.6499202551834	0.6562998405103668
1255	692.3155378486056	1.2159362549800796
1256	692.46974522293	0.7046178343949044
1257	693.1837708830549	1.26412092283214
1258	693.3799682034976	0.746422893481717
1259	694.1358220810167	1.3057982525814138
1260	694.3793650793651	0.7936507936507936
1261	695.182394924663	1.3528945281522602
1262	695.4706814580031	0.838351822503962
1263	696.3182897862233	1.3974663499604116
1264	696.6542721518987	0.8860759493670886
1265	697.5494071146245	1.4450592885375495
1266	697.9352290679304	0.9360189573459715
1267	698.8800315706393	1.4948697711128651
1268	699.3091482649842	0.9794952681388013
1269	700.2970843183609	1.5382190701339638
1270	700.7685039370078	1.022047244094488
1271	701.7985837922895	1.5806451612903225
1272	702.312106918239	1.0644654088050314
1273	703.3841319717203	1.6229379418695993
1274	703.9395604395604	1.1067503924646782
1275	705.0533333333333	1.6650980392156862
1276	705.653605015674	1.152037617554859
1277	705.7361002349256	0.6342991386061081
1278	706.3779342723004	1.1932707355242567
1279	706.5043002345583	0.6778733385457388
1280	707.18984375	1.23671875
1281	707.3614363778298	0.7228727556596409
1282	708.0920436817472	1.281591263650546
1283	708.3055339049104	0.764614185502728
1284	709.078660436137	1.32398753894081
1285	709.3377431906615	0.8101167315175097
1286	710.1562986003111	1.369362363919129
1287	710.4529914529915	0.8477078477078477
1288	711.3090062111801	1.406832298136646
1289	711.6508921644686	0.8929402637703646
1290	712.5519379844961	1.451937984496124
1291	712.9372579395817	0.9364833462432223
1292	713.8815789473684	1.4953560371517027
1293	714.3116782675947	0.9814385150812065
1294	715.3006182380217	1.5401854714064915
1295	715.7745173745174	1.0254826254826255
1296	716.8070987654321	1.584104938271605
1297	717.3207401696222	1.0655358519660756
1298	718.3929121725732	1.6240369799691834
1299	718.9484218629715	1.1077752117013087
1300	720.0623076923077	1.666153846153846
1301	720.6617986164489	1.1521906225980016
1302	720.7396313364055	0.630568356374808
1303	721.3775901765157	1.190330007674597
1304	721.4992331288344	0.674079754601227
1305	722.1808429118774	1.2337164750957854
1306	722.3499234303216	0.7212863705972435
1307	723.0788064269319	1.28079571537873
1308	723.2874617737003	0.7607033639143731
1309	724.0557677616501	1.3200916730328496
1310	724.3083969465649	0.8045801526717558
1311	725.1205186880244	1.3638443935926774
1312	725.4169207317074	0.8483231707317073
1313	726.2726580350343	1.4074638233054075
1314	726.6057838660579	0.8850837138508372
1315	727.4980988593156	1.444106463878327
1316	727.870820668693	0.9247720364741642
1317	728.8025816249051	1.483675018982536
1318	729.2200303490137	0.9696509863429439
1319	730.1963608794541	1.5284306292645944
1320	730.6583333333333	1.0143939393939394
1321	731.6790310370931	1.5730507191521574
1322	732.1815431164902	1.0552193645990924
1323	733.2426303854875	1.6137566137566137
1324	733.7885196374623	1.098942598187311
1325	734.8928301886792	1.6573584905660377
1326	735.4819004524887	1.1425339366515836
1327	735.5463451394122	0.6179351921627732
1328	736.1694277108434	1.1762048192771084
1329	736.2768999247554	0.6606471030850264
1330	736.9436090225564	1.219548872180451
1331	737.0939143501126	0.7032306536438768
1332	737.8040540540541	1.2627627627627627
1333	737.9969992498125	0.7456864216054013
1334	738.7496251874063	1.3050974512743627
1335	738.9827715355805	0.7857677902621722
1336	739.7761976047905	1.345808383233533
1337	740.0545998504114	0.8309648466716529
1338	740.8946188340807	1.3923766816143497
1339	741.2188200149366	0.876773711725168
1340	742.1044776119403	1.4380597014925374
1341	742.4697986577181	0.9179716629381058
1342	743.397913561848	1.4806259314456036
1343	743.8086373790022	0.9635145197319435
1344	744.7842261904761	1.5282738095238095
1345	745.2453531598513	1.0141263940520446
1346	746.2711738484398	1.5787518573551262
1347	746.778025241277	1.0601336302895323
1348	747.8494065281899	1.6246290801186944
1349	748.4017790956264	1.106004447739066
1350	749.5185185185185	1.6703703703703703
1351	750.1154700222057	1.15099925980755
1352	750.1930473372781	0.6316568047337278
1353	750.8359201773836	1.19660014781966
1354	750.9519940915804	0.6698670605612999
1355	751.6346863468634	1.2361623616236161
1356	751.7986725663717	0.717551622418879
1357	752.5291083271924	1.283714075165807
1358	752.740058910162	0.7643593519882179
1359	753.5172921265637	1.3303899926416483
1360	753.785294117647	0.8213235294117647
1361	754.6193975018368	1.387215282880235
1362	754.9331864904552	0.8671071953010279
1363	755.8129126925899	1.4328686720469552
1364	756.174486803519	0.9149560117302052
1365	757.1018315018315	1.4805860805860807
1366	757.5131771595901	0.9648609077598829
1367	758.4901243599122	1.5303584491587419
1368	758.9473684210526	1.0109649122807018
1369	759.9700511322133	1.5763330898466033
1370	760.4759124087591	1.0598540145985402
1371	761.5470459518599	1.62509117432531
1372	762.0991253644315	1.1064139941690962
1373	763.2163146394756	1.671522214129643
1374	763.8165938864629	1.1550218340611353
1375	763.8974545454546	0.6356363636363637
1376	764.5436046511628	1.2005813953488371
1377	764.6702977487291	0.6811909949164852
1378	765.3621190130624	1.2460087082728593
1379	765.5344452501813	0.7266134880348079
1380	766.2717391304348	1.291304347826087
1381	766.4931209268645	0.775524981897176
1382	767.2793053545586	1.3400868306801736
1383	767.5451916124367	0.8199566160520607
1384	768.3757225433526	1.384393063583815
1385	768.6880866425993	0.8664259927797834
1386	769.5649350649351	1.4307359307359306
1387	769.9221341023792	0.9113193943763518
1388	770.8436599423632	1.4755043227665705
1389	771.247660187185	0.9582433405327574
1390	772.2172661870503	1.5237410071942445
1391	772.666427030913	1.0035945363048167
1392	773.6810344827586	1.5689655172413792
1393	774.1773151471644	1.0509691313711413
1394	775.238880918221	1.6162123385939742
1395	775.7820788530466	1.0982078853046595
1396	775.8065902578796	0.579512893982808
1397	776.3994273443093	1.1474588403722261
1398	776.4670958512161	0.6223175965665236
1399	777.1036454610436	1.1908506075768406
1400	777.2207142857143	0.6714285714285714
1401	777.9064953604568	1.23982869379015
1402	778.0592011412268	0.7068473609129815
1403	778.7804704205274	1.2751247327156094
1404	778.9729344729345	0.7464387464387464
1405	779.7338078291815	1.3145907473309608
1406	779.9786628733997	0.798719772403983
1407	780.7917555081734	1.3667377398720681
1408	781.0873579545455	0.8494318181818182
1409	781.9510290986515	1.4173172462739532
1410	782.2964539007093	0.8992907801418439
1411	783.2097802976613	1.4670446491849751
1412	783.6062322946176	0.9504249291784702
1413	784.5704175513092	1.5180467091295118
1414	785.0205091937765	1.0042432814710043
1415	786.0381625441696	1.571731448763251
1416	786.5381355932203	1.0543785310734464
1417	787.605504587156	1.6217360621030346
1418	788.1565585331452	1.1057827926657264
1419	788.1782945736434	0.57646229739253
1420	788.7676056338029	1.143661971830986
1421	788.832512315271	0.6192821956368755
1422	789.4648382559775	1.1863572433192686
1423	789.5678144764582	0.657062543921293
1424	790.2380617977528	1.2240168539325842
1425	790.3887719298245	0.7045614035087719
1426	791.1065918653577	1.2713884992987377
1427	791.3104414856342	0.7575332866152769
1428	792.0819327731092	1.3249299719887955
1429	792.3379986004198	0.8096571028691393
1430	793.1615384615385	1.376923076923077
1431	793.4689028651293	0.8609364081062194
1432	794.3435754189944	1.428072625698324
1433	794.7048150732728	0.9148639218422889
1434	795.6338912133891	1.4825662482566249
1435	796.0473867595819	0.9672473867595819
1436	797.0285515320335	1.5348189415041782
1437	797.4961725817676	1.021572720946416
1438	798.5312934631432	1.5890125173852574
1439	799.0507296733842	1.0736622654621264
1440	800.1375	1.6409722222222223
1441	800.7071478140181	1.1242192921582235
1442	800.7552011095701	0.602635228848821
1443	801.3707553707553	1.1697851697851698
1444	801.463296398892	0.646814404432133
1445	802.1231833910034	1.213840830449827
1446	802.2538035961272	0.6846473029045643
1447	802.9516240497582	1.2515549412577747
1448	803.1194751381215	0.7216850828729282
1449	803.8543823326432	1.2884748102139407
1450	804.071724137931	0.7710344827586207
1451	804.8559614059269	1.337698139214335
1452	805.1280991735537	0.8257575757575758
1453	805.9669649002064	1.3922918100481763
1454	806.2902338376891	0.8768913342503438
1455	807.1800687285223	1.443298969072165
1456	807.5570054945055	0.9306318681318682
1457	808.5003431708991	1.4969114619080301
1458	808.923182441701	0.9766803840877915
1459	809.9122686771761	1.5428375599725839
1460	810.3883561643836	1.0301369863013699
1461	811.4305270362765	1.596167008898015
1462	811.9562243502052	1.0800273597811219
1463	811.9596719070403	0.557758031442242
1464	812.5293715846994	1.1236338797814207
1465	812.5576791808874	0.5822525597269624
1466	813.1521145975444	1.1480218281036836
1467	813.2304021813225	0.6319018404907976
1468	813.8746594005449	1.1975476839237058
1469	813.9945541184479	0.6732471068754254
1470	814.6802721088435	1.2387755102040816
1471	814.8368456832087	0.7097212780421482
1472	815.5591032608696	1.2751358695652173
1473	815.7637474541751	0.7576374745417516
1474	816.533921302578	1.322930800542741
1475	816.791186440678	0.8101694915254237
1476	817.6138211382114	1.3753387533875339
1477	817.921462423832	0.8605280974949221
1478	818.7943166441137	1.4255751014884979
1479	819.1521298174442	0.9107505070993914
1480	820.0756756756757	1.4763513513513513
1481	820.4861580013504	0.9635381498987171
1482	821.4622132253711	1.5290148448043186
1483	821.9211058664869	1.012137559002023
1484	822.9454177897574	1.5774932614555257
1485	823.4511784511784	1.0592592592592593
1486	824.5222072678331	1.6244952893674294
1487	825.0759919300605	1.1075991930060525
1488	825.0940860215054	0.5719086021505376
1489	825.6776359973136	1.137004701141706
1490	825.7489932885906	0.6248322147651006
1491	826.3856472166332	1.1898054996646545
1492	826.4932975871313	0.660857908847185
1493	827.166108506363	1.2257200267916946
1494	827.3092369477912	0.6961178045515395
1495	828.0173913043478	1.2608695652173914
1496	828.2098930481284	0.7453208556149733
1497	828.9672678690715	1.3099532398129592
1498	829.2082777036048	0.7937249666221629
1499	830.0140093395597	1.3582388258839226
1500	830.3046666666667	0.8433333333333334
1501	831.159893404397	1.407728181212525
1502	831.4940079893476	0.8868175765645806
1503	832.3932135728543	1.4517631403858948
1504	832.7772606382979	0.9368351063829787
1505	833.7262458471761	1.5016611295681064
1506	834.1593625498008	0.9860557768924303
1507	835.1572660915726	1.550763105507631
1508	835.6392572944297	1.0351458885941645
1509	836.6865473823724	1.6003976143141152
1510	837.2198675496688	1.0867549668874172
1511	837.228987425546	0.5625413633355394
1512	837.8035714285714	1.1276455026455026
1513	837.8618638466622	0.6113681427627231
1514	838.4854689564069	1.176354029062087
1515	838.5775577557756	0.6448844884488449
1516	839.2348284960423	1.2097625329815302
1517	839.3651944627554	0.6829268292682927
1518	840.0612648221344	1.248353096179183
1519	840.2389730085582	0.7300855826201448
1520	840.9828947368421	1.2960526315789473
1521	841.2136752136752	0.7830374753451677
1522	842.011826544021	1.350197109067017
1523	842.2980958634274	0.8384766907419566
1524	843.1515748031496	1.405511811023622
1525	843.4911475409837	0.8918032786885246
1526	844.3977719528178	1.4587155963302751
1527	844.7904387688278	0.9449901768172888
1528	845.75	1.5117801047120418
1529	846.1935905820798	0.9960758665794637
1530	847.2039215686275	1.5627450980392157
1531	847.7008491182233	1.0496407576747224
1532	848.7643603133159	1.6161879895561357
1533	849.3144161774298	1.1030658838878018
1534	849.3461538461538	0.5847457627118644
1535	849.9446254071661	1.1511400651465797
1536	850.0260416666666	0.6341145833333334
1537	850.6740403383214	1.2003903708523096
1538	850.799089726918	0.6775032509752926
1539	851.4905782975958	1.243664717348928
1540	851.6577922077922	0.7194805194805195
1541	852.3913043478261	1.2855288773523685
1542	852.6070038910506	0.767833981841764
1543	853.3888528839922	1.3337653920933248
1544	853.6522020725389	0.8154145077720207
1545	854.4815533980583	1.3812297734627832
1546	854.7878395860284	0.8583441138421734
1547	855.6599870717517	1.4240465416936006
1548	856.0142118863049	0.9063307493540051
1549	856.9341510652033	1.4719173660426081
1550	857.3361290322581	0.9541935483870968
1551	858.3036750483559	1.5196647324306898
1552	858.7512886597938	1.0
1553	859.7643271088216	1.5653573728267869
1554	860.2599742599742	1.0482625482625483
1555	861.3209003215434	1.6135048231511253
1556	861.8733933161953	1.1053984575835476
1557	861.9017341040462	0.5812459858702633
1558	862.4955070603338	1.146341463414634
1559	862.5689544579859	0.6260423348300193
1560	863.2076923076924	1.191025641025641
1561	863.3183856502242	0.6630365150544523
1562	863.99423815621	1.2279129321382842
1563	864.1484325015995	0.7063339731285988
1564	864.8676470588235	1.2710997442455243
1565	865.0664536741214	0.7507987220447284
1566	865.8301404853129	1.3154533844189016
1567	866.0772176132738	0.7989789406509253
1568	866.8890306122449	1.3635204081632653
1569	867.1822817080944	0.8451242829827916
1570	868.040127388535	1.4095541401273886
1571	868.390833863781	0.9026098026734564
1572	869.3059796437659	1.4669211195928753
1573	869.7043865225684	0.9504132231404959
1574	870.6670902160101	1.5146124523506987
1575	871.1149206349206	1.0
1576	872.1269035532995	1.5640862944162437
1577	872.6201648700063	1.0456563094483196
1578	873.6774397972116	1.6096324461343472
1579	874.2159594680178	1.09119696010133
1580	874.2335443037974	0.5702531645569621
1581	874.8153067678685	1.1340923466160657
1582	874.8792667509482	0.6163084702907712
1583	875.5072646873026	1.1800379027163614
1584	875.6079545454545	0.6527777777777778
1585	876.2725552050473	1.2164037854889589
1586	876.4161412358134	0.6954602774274905
1587	877.1235034656585	1.2589792060491494
1588	877.3079345088162	0.7361460957178841
1589	878.056010069226	1.2995594713656389
1590	878.2880503144654	0.7836477987421384
1591	879.0835952231301	1.3469516027655561
1592	879.3624371859296	0.8304020100502513
1593	880.2046453232894	1.393596986817326
1594	880.5269761606022	0.8739021329987453
1595	881.412539184953	1.4369905956112852
1596	881.7832080200501	0.9223057644110275
1597	882.7169693174702	1.4852849092047589
1598	883.1339173967459	0.9687108886107635
1599	884.1138211382114	1.531582238899312
1600	884.57625	1.014375
1601	885.6014990630856	1.5771392879450343
1602	886.1086142322098	1.0593008739076155
1603	886.0860885839052	0.5296319401122894
1604	886.6265586034913	1.0922693266832917
1605	886.6355140186915	0.5607476635514018
1606	887.2073474470735	1.1232876712328768
1607	887.2607342874923	0.6048537647790915
1608	887.877487562189	1.1679104477611941
1609	887.9676817899316	0.6413921690490988
1610	888.6211180124224	1.2043478260869565
1611	888.754189944134	0.6840471756672873
1612	889.4503722084368	1.2468982630272953
1613	889.6193428394296	0.7197768133911965
1614	890.3519206939282	1.2831474597273853
1615	890.5696594427245	0.7684210526315789
1616	891.3508663366337	1.3316831683168318
1617	891.617192331478	0.8169449598021027
1618	892.446847960445	1.3800988875154512
1619	892.7554045707227	0.8591723285978999
1620	893.6271604938272	1.4222222222222223
1621	893.9839605181986	0.9074645280690932
1622	894.9038224414303	1.470406905055487
1623	895.3062230437462	0.9531731361675909
1624	896.2715517241379	1.5160098522167487
1625	896.7218461538462	1.0012307692307691
1626	897.7349323493235	1.563960639606396
1627	898.2329440688384	1.0491702519975414
1628	898.2027027027027	0.5208845208845209
1629	898.7360343769184	1.0841006752608962
1630	898.7515337423313	0.5662576687116564
1631	899.3304721030042	1.1293684855916615
1632	899.375	0.5949754901960784
1633	899.9840783833436	1.159216166564605
1634	900.0648714810281	0.6309669522643819
1635	900.7107033639144	1.1957186544342508
1636	900.8337408312958	0.6729828850855746
1637	901.5216860109957	1.2376298106291999
1638	901.6800976800977	0.7081807081807082
1639	902.4032946918853	1.2727272727272727
1640	902.6140243902439	0.7603658536585366
1641	903.3893967093236	1.3248019500304693
1642	903.6461632155907	0.8063337393422655
1643	904.4674376141205	1.3706634205721242
1644	904.7767639902677	0.8588807785888077
1645	905.6510638297873	1.42370820668693
1646	906.0115431348725	0.9100850546780073
1647	906.9368548876746	1.474802671523983
1648	907.3507281553398	0.9635922330097088
1649	908.3292904790783	1.528198908429351
1650	908.790909090909	1.0115151515151515
1651	909.817080557238	1.576014536644458
1652	910.3305084745763	1.0635593220338984
1653	910.32425892317	0.543859649122807
1654	910.8827085852479	1.1082224909310763
1655	910.9178247734139	0.5848942598187311
1656	911.5175120772947	1.1491545893719808
1657	911.5896197948099	0.6216053108026554
1658	912.2261761158022	1.1857659831121834
1659	912.333936106088	0.6570223025919228
1660	913.0060240963855	1.2210843373493976
1661	913.1547260686334	0.6977724262492474
1662	913.8676293622142	1.2617328519855595
1663	914.0583283223091	0.7396271797955503
1664	914.8131009615385	1.3034855769230769
1665	915.0534534534535	0.7891891891891892
1666	915.8577430972389	1.3529411764705883
1667	916.1493701259748	0.8404319136172765
1668	917.0053956834532	1.4046762589928057
1669	917.3529059316957	0.896345116836429
1670	918.2646706586827	1.4604790419161677
1671	918.6600837821663	0.9443447037701975
1672	919.6196172248804	1.5083732057416268
1673	920.0639569635385	0.9934249850567842
1674	921.0722819593788	1.5573476702508962
1675	921.5683582089553	1.045373134328358
1676	921.5525059665871	0.5334128878281623
1677	922.1007751937984	1.0971973762671436
1678	922.126936829559	0.5750893921334923
1679	922.7170935080405	1.1387730792138178
1680	922.7809523809524	0.6125
1681	923.4086853063652	1.1760856632956573
1682	923.5077288941736	0.6474435196195006
1683	924.1705288175876	1.2109328579916816
1684	924.3087885985748	0.6864608076009501
1685	925.0106824925816	1.2498516320474777
1686	925.199881376038	0.7372479240806643
1687	925.9525785417901	1.3005334914048607
1688	926.1895734597157	0.784952606635071
1689	926.9899348727057	1.3481349911190053
1690	927.2733727810651	0.8313609467455622
1691	928.1200473092845	1.394441159077469
1692	928.4491725768321	0.8770685579196218
1693	929.341405788541	1.4400472533963378
1694	929.7142857142857	0.9208972845336482
1695	930.6501474926254	1.4837758112094395
1696	931.0754716981132	0.9734669811320755
1697	932.064230995875	1.5368296994696524
1698	932.5394581861013	1.0235571260306242
1699	932.489111241907	0.49793996468510887
1700	933.0029411764706	1.061764705882353
1701	932.9800117577895	0.5249853027630805
1702	933.521151586369	1.0887191539365453
1703	933.5237815619495	0.5502055196711685
1704	934.0903755868544	1.113849765258216
1705	934.141935483871	0.5988269794721408
1706	934.7579132473622	1.1629542790152403
1707	934.8482718219097	0.6373755125951962
1708	935.5052693208431	1.2037470725995316
1709	935.6342890579286	0.6758338209479228
1710	936.3298245614035	1.2421052631578948
1711	936.5108123904149	0.7276446522501461
1712	937.2581775700935	1.2938084112149533
1713	937.482194979568	0.7705779334500875
1714	938.2724620770128	1.336639439906651
1715	938.5446064139942	0.8186588921282799
1716	939.3828671328671	1.3846153846153846
1717	939.7041351193943	0.8677926616191031
1718	940.5913853317811	1.4336437718277066
1719	940.9592786503781	0.9144851657940664
1720	941.893023255814	1.4802325581395348
1721	942.3114468332365	0.9651365485183033
1722	943.2955865272938	1.5307781649245065
1723	943.7678467788741	1.0191526407428904
1724	943.7093967517401	0.48839907192575405
1725	944.2173913043479	1.0544927536231885
1726	944.2097334878331	0.5388180764774044
1727	944.7683844817602	1.1048060220034743
1728	944.7783564814815	0.5561342592592593
1729	945.3545401966454	1.1220358588779642
1730	945.4	0.5913294797687861
1731	946.0115540150202	1.1571346042749855
1732	946.0923787528868	0.6264434180138568
1733	946.739757645701	1.192729371032891
1734	946.8598615916954	0.6655132641291811
1735	947.5463976945244	1.231700288184438
1736	947.7246543778801	0.7235023041474654
1737	948.4691997697179	1.28957973517559
1738	948.6956271576524	0.7715765247410817
1739	949.4882116158711	1.3375503162737206
1740	949.7718390804598	0.828735632183908
1741	950.6214819069501	1.3946008041355542
1742	950.9575200918484	0.881171067738232
1743	951.8600114744693	1.4475043029259897
1744	952.2511467889908	0.9363532110091743
1745	953.2085959885387	1.5025787965616046
1746	953.6512027491409	0.9879725085910653
1747	954.659988551803	1.5540927303949628
1748	955.1538901601831	1.0394736842105263
1749	956.2138364779875	1.6054888507718696
1750	956.7571428571429	1.0891428571428572
1751	956.7435750999429	0.5322672758423758
1752	957.2962328767123	1.0981735159817352
1753	957.3320022818026	0.5812892184826013
1754	957.9338654503991	1.1470923603192702
1755	958.0074074074074	0.6188034188034188
1756	958.6469248291572	1.184510250569476
1757	958.7581104154809	0.6562322140011383
1758	959.4351535836178	1.2218430034129693
1759	959.6031836270608	0.7129050596930074
1760	960.3369318181818	1.2784090909090908
1761	960.5553662691652	0.7632027257240205
1762	961.3410896708286	1.330306469920545
1763	961.6154282473058	0.819058423142371
1764	962.4569160997733	1.3860544217687074
1765	962.785269121813	0.8730878186968839
1766	963.6812004530011	1.4405436013590034
1767	964.062818336163	0.9264289756649688
1768	965.0118778280543	1.4937782805429864
1769	965.4460146975692	0.9790842283776144
1770	966.4474576271186	1.5463276836158193
1771	966.9350649350649	1.0327498588368154
1772	967.989841986456	1.5998871331828441
1773	968.5273547659334	1.0829103214890017
1774	969.6319052987599	1.6499436302142052
1775	970.2264788732394	1.140281690140845
1776	970.2911036036036	0.6103603603603603
1777	970.923466516601	1.1778277996623523
1778	971.0258717660292	0.6479190101237345
1779	971.6958965711074	1.2152894884766723
1780	971.8533707865168	0.702808988764045
1781	972.5783267827063	1.27007299270073
1782	972.7732884399551	0.7401795735129069
1783	973.5356141334829	1.3073471676948962
1784	973.786995515695	0.79652466367713
1785	974.6056022408964	1.3635854341736695
1786	974.9081746920493	0.8477043673012318
1787	975.7778399552323	1.4146614437604925
1788	976.1325503355705	0.8998881431767338
1789	977.0542202347681	1.4667411961989938
1790	977.4603351955308	0.9513966480446927
1791	978.4332774986042	1.518146286990508
1792	978.8900669642857	1.0022321428571428
1793	979.9135527049638	1.5688789737869493
1794	980.4208472686734	1.0529542920847268
1795	981.4947075208913	1.6194986072423398
1796	982.0523385300668	1.1035634743875278
1797	982.0784641068448	0.572064552031163
1798	982.6713014460512	1.1384872080088988
1799	982.727626459144	0.6020011117287382
1800	983.3505555555555	1.1683333333333332
1801	983.4436424208773	0.6385341476957246
1802	984.1032186459489	1.2047724750277469
1803	984.2506932889628	0.6927343316694399
1804	984.9645232815965	1.2588691796008868
1805	985.1595567867035	0.7401662049861496
1806	985.920819490587	1.306201550387597
1807	986.1676812396237	0.7919203099059214
1808	986.9806415929204	1.357853982300885
1809	987.2769485903814	0.8413488114980652
1810	988.1392265193371	1.4071823204419889
1811	988.487023743788	0.8928768636112645
1812	989.4006622516556	1.4586092715231789
1813	989.7997793712079	0.9442912300055157
1814	990.7646085997795	1.509922822491731
1815	991.2148760330579	0.9955922865013774
1816	992.2312775330397	1.5616740088105727
1817	992.7352779306549	1.0495321959273527
1818	993.8052805280528	1.6155115511551155
1819	994.3595382078065	1.1000549752611324
1820	995.4796703296703	1.665934065934066
1821	996.0856672158155	1.1521142229544206
1822	996.1695938529089	0.6300768386388584
1823	996.8195282501372	1.1958310477235325
1824	996.9446271929825	0.6710526315789473
1825	997.6356164383561	1.2367123287671233
1826	997.8083242059146	0.7185104052573932
1827	998.5467980295566	1.284072249589491
1828	998.7680525164113	0.7669584245076586
1829	999.5549480590487	1.3324220885729907
1830	999.8289617486339	0.819672131147541
1831	1000.6684871654834	1.3850354997269252
1832	1000.9950873362445	0.8722707423580786
1833	1001.8870703764321	1.4375340971085653
1834	1002.2660850599782	0.9247546346782988
1835	1003.2103542234332	1.4899182561307902
1836	1003.6405228758169	0.9760348583877996
1837	1004.6358192705499	1.5410996189439303
1838	1005.1142546245919	1.0244831338411318
1839	1006.1576943991299	1.5894507884719957
1840	1006.6842391304348	1.0728260869565218
1841	1007.7756653992395	1.6376969038565996
1842	1008.3523344191096	1.1232356134636265
1843	1008.3917525773196	0.5860010851871947
1844	1008.9962039045553	1.150759219088937
1845	1009.069918699187	0.6200542005420054
1846	1009.7085590465872	1.1847237269772481
1847	1009.8229561451002	0.660530590146183
1848	1010.5021645021645	1.225108225108225
1849	1010.664142779881	0.7079502433747972
1850	1011.3908108108108	1.2724324324324325
1851	1011.5910318746623	0.7460831982712047
1852	1012.3558315334773	1.310475161987041
1853	1012.6028062601188	0.7927684835402051
1854	1013.4142394822006	1.3570658036677454
1855	1013.7121293800539	0.8436657681940701
1856	1014.5743534482758	1.4078663793103448
1857	1014.9203015616586	0.8917609046849758
1858	1015.8304628632939	1.4558665231431647
1859	1016.2275416890801	0.9429800968262507
1860	1017.1887096774194	1.506989247311828
1861	1017.6335303600215	0.9908651262761956
1862	1018.6423200859291	1.554779806659506
1863	1019.1347289318304	1.038647342995169
1864	1020.1909871244635	1.6024678111587982
1865	1020.7302949061663	1.0857908847184987
1866	1021.8333333333334	1.6495176848874598
1867	1022.419389394751	1.1328334226031065
1868	1022.482869379015	0.6102783725910065
1869	1023.1107544141252	1.1744248261102195
1870	1023.2122994652407	0.6481283422459893
1871	1023.8781400320684	1.2121859967931587
1872	1024.0299145299145	0.6981837606837606
1873	1024.7458622530698	1.2621462893753337
1874	1024.9397011739595	0.740128068303095
1875	1025.6981333333333	1.3045333333333333
1876	1025.9413646055436	0.7894456289978679
1877	1026.7490676611615	1.3537559936068193
1878	1027.0394036208734	0.836528221512247
1879	1027.8940926024482	1.4007450771687067
1880	1028.2324468085105	0.8845744680851064
1881	1029.1350345560872	1.4486975013290804
1882	1029.5233793836344	0.934643995749203
1883	1030.4758364312268	1.4986723313860861
1884	1030.9134819532908	0.9840764331210191
1885	1031.9151193633952	1.5480106100795756
1886	1032.4008483563096	1.0323435843054083
1887	1033.4504504504505	1.5961844197138315
1888	1033.9841101694915	1.0805084745762712
1889	1035.081524616199	1.6442562202223399
1890	1035.6613756613756	1.126984126984127
1891	1035.7165520888418	0.6023268112109995
1892	1036.335623678647	1.1659619450317125
1893	1036.4284204965663	0.6397253037506603
1894	1037.085005279831	1.203273495248152
1895	1037.2242744063324	0.6860158311345647
1896	1037.9272151898733	1.2494725738396624
1897	1038.1075382182394	0.7269372693726938
1898	1038.8519494204427	1.2908324552160169
1899	1039.0753027909427	0.7698788836229594
1900	1039.8626315789475	1.3336842105263158
1901	1040.1336138874276	0.8174644923724356
1902	1040.9684542586751	1.3811777076761305
1903	1041.286915396742	0.8649500788229112
1904	1042.1691176470588	1.4285714285714286
1905	1042.5338582677166	0.9112860892388451
1906	1043.46222455404	1.4748163693599161
1907	1043.8730991085474	0.9575249082328264
1908	1044.8474842767296	1.520964360587002
1909	1045.3038239916186	1.0031430068098481
1910	1046.3235602094242	1.5664921465968586
1911	1046.8262689691262	1.0497121925693353
1912	1047.892259414226	1.612970711297071
1913	1048.443805541035	1.098797699947726
1914	1048.4602925809822	0.5637408568443051
1915	1049.0407310704961	1.1274151436031332
1916	1049.0876826722338	0.593945720250522
1917	1049.698487219614	1.1575378195096504
1918	1049.781543274244	0.629822732012513
1919	1050.4283480979677	1.1933298593017196
1920	1050.5552083333334	0.6734375
1921	1051.2462259239978	1.237376366475794
1922	1051.4157127991675	0.7159209157127991
1923	1052.1492459698388	1.279771190847634
1924	1052.3653846153845	0.7624740124740125
1925	1053.1454545454546	1.3262337662337662
1926	1053.407580477674	0.8084112149532711
1927	1054.233523611832	1.3720809548521018
1928	1054.5378630705395	0.8506224066390041
1929	1055.4059097978227	1.4142042509072057
1930	1055.758549222798	0.8989637305699482
1931	1056.6747799067841	1.4624546866908337
1932	1057.0766045548655	0.94824016563147
1933	1058.0419037765132	1.5116399379203311
1934	1058.4875904860394	0.9922440537745605
1935	1059.4966408268733	1.5555555555555556
1936	1059.9886363636363	1.0387396694214877
1937	1061.0438822922044	1.6019617965926691
1938	1061.5830753353973	1.086171310629515
1939	1061.5920577617328	0.555956678700361
1940	1062.1649484536083	1.1195876288659794
1941	1062.201442555384	0.583204533745492
1942	1062.8017507723996	1.146755921730175
1943	1062.8754503345342	0.620174987133299
1944	1063.5128600823045	1.183641975308642
1945	1063.6354755784062	0.6688946015424164
1946	1064.321685508736	1.2322713257965057
1947	1064.4843348741654	0.7087827426810478
1948	1065.2104722792608	1.2720739219712525
1949	1065.4202154951256	0.7557721908671113
1950	1066.1933333333334	1.318974358974359
1951	1066.452075858534	0.8047155304971809
1952	1067.2740778688524	1.367827868852459
1953	1067.5780849974399	0.8499743983614951
1954	1068.4452405322415	1.4129989764585467
1955	1068.7938618925832	0.8946291560102302
1956	1069.7055214723925	1.4575664621676891
1957	1070.1011752682678	0.941747572815534
1958	1071.0597548518897	1.5045965270684372
1959	1071.5022970903522	0.9887697805002552
1960	1072.5076530612246	1.551530612244898
1961	1072.9989801121876	1.0377358490566038
1962	1074.0530071355759	1.600407747196738
1963	1074.5929699439632	1.086602139582272
1964	1074.5947046843178	0.5483706720977597
1965	1075.1592875318065	1.110941475826972
1966	1075.1881993896236	0.5752797558494405
1967	1075.7798678190138	1.1377732587697
1968	1075.8465447154472	0.6128048780487805
1969	1076.475876079228	1.175215845606907
1970	1076.58730964467	0.6573604060913706
1971	1077.2612886859463	1.219685438863521
1972	1077.4122718052738	0.6967545638945233
1973	1078.1256969082615	1.2589964521033958
1974	1078.3196555217833	0.7396149949341438
1975	1079.0759493670887	1.3017721518987342
1976	1079.317813765182	0.7874493927125507
1977	1080.1219018715226	1.34951947395043
1978	1080.4130434782608	0.8367037411526794
1979	1081.266296109146	1.3986862051541182
1980	1081.6035353535353	0.8828282828282829
1981	1082.502776375568	1.4447248864209994
1982	1082.8884964682138	0.9313824419778002
1983	1083.836106908724	1.4931921331316187
1984	1084.2701612903227	0.9798387096774194
1985	1085.2659949622166	1.5415617128463477
1986	1085.7502517623363	1.0302114803625377
1987	1086.7961751383996	1.591847005535984
1988	1087.3224346076458	1.0724346076458753
1989	1087.3157365510306	0.5394670688788336
1990	1087.8708542713568	1.101005025125628
1991	1087.889502762431	0.5645404319437468
1992	1088.4698795180723	1.126004016064257
1993	1088.528349222278	0.604114400401405
1994	1089.148445336008	1.1654964894684052
1995	1089.248120300752	0.6451127819548872
1996	1089.9093186372745	1.2064128256513027
1997	1090.051577366049	0.6875312969454181
1998	1090.7552552552552	1.2487487487487487
1999	1090.9409704852426	0.7308654327163582
2000	1091.688	1.292
