ind	P	D
1	1	0
2	2	1
3	4	2
4	3	-1
5	6	3
6	10	4
7	8	-2
8	5	-3
9	11	6
10	7	-4
11	14	7
12	9	-5
13	17	8
14	26	9
15	20	-6
16	13	-7
17	23	10
18	15	-8
19	27	12
20	18	-9
21	31	13
22	21	-10
23	35	14
24	24	-11
25	12	-12
26	28	16
27	45	17
28	32	-13
29	16	-16
30	34	18
31	19	-15
32	38	19
33	58	20
34	44	-14
35	25	-19
36	46	21
37	29	-17
38	51	22
39	33	-18
40	56	23
41	36	-20
42	60	24
43	39	-21
44	64	25
45	42	-22
46	68	26
47	43	-25
48	70	27
49	47	-23
50	75	28
51	49	-26
52	22	-27
53	52	30
54	83	31
55	59	-24
56	30	-29
57	62	32
58	95	33
59	67	-28
60	37	-30
61	71	34
62	40	-31
63	76	36
64	41	-35
65	78	37
66	116	38
67	84	-32
68	50	-34
69	89	39
70	53	-36
71	93	40
72	55	-38
73	96	41
74	63	-33
75	105	42
76	66	-39
77	109	43
78	72	-37
79	117	45
80	77	-40
81	123	46
82	82	-41
83	129	47
84	87	-42
85	135	48
86	92	-43
87	48	-44
88	97	49
89	147	50
90	102	-45
91	54	-48
92	106	52
93	57	-49
94	110	53
95	164	54
96	118	-46
97	65	-53
98	120	55
99	73	-47
100	130	57
101	80	-50
102	138	58
103	86	-52
104	145	59
105	94	-51
106	154	60
107	100	-54
108	161	61
109	104	-57
110	166	62
111	111	-55
112	174	63
113	115	-59
114	179	64
115	121	-58
116	61	-60
117	126	65
118	192	66
119	136	-56
120	74	-62
121	141	67
122	69	-72
123	137	68
124	206	69
125	143	-63
126	79	-64
127	149	70
128	88	-61
129	159	71
130	91	-68
131	163	72
132	98	-65
133	171	73
134	101	-70
135	175	74
136	108	-67
137	183	75
138	114	-69
139	190	76
140	124	-66
141	201	77
142	128	-73
143	207	79
144	133	-74
145	213	80
146	142	-71
147	223	81
148	148	-75
149	230	82
150	153	-77
151	236	83
152	160	-76
153	81	-79
154	165	84
155	85	-80
156	170	85
157	256	86
158	178	-78
159	90	-88
160	177	87
161	265	88
162	184	-81
163	99	-85
164	188	89
165	278	90
166	196	-82
167	113	-83
168	204	91
169	112	-92
170	205	93
171	119	-86
172	214	95
173	127	-87
174	224	97
175	140	-84
176	238	98
177	144	-94
178	243	99
179	152	-91
180	252	100
181	162	-90
182	263	101
183	168	-95
184	270	102
185	181	-89
186	284	103
187	191	-93
188	295	104
189	199	-96
190	304	105
191	203	-101
192	103	-100
193	209	106
194	107	-102
195	215	108
196	324	109
197	227	-97
198	122	-105
199	232	110
200	134	-98
201	245	111
202	146	-99
203	258	112
204	155	-103
205	268	113
206	158	-110
207	272	114
208	157	-115
209	273	116
210	169	-104
211	286	117
212	180	-106
213	298	118
214	189	-109
215	308	119
216	200	-108
217	320	120
218	208	-112
219	329	121
220	222	-107
221	344	122
222	233	-111
223	356	123
224	242	-114
225	125	-117
226	249	124
227	131	-118
228	257	126
229	132	-125
230	259	127
231	139	-120
232	267	128
233	151	-116
234	280	129
235	167	-113
236	297	130
237	176	-121
238	307	131
239	185	-122
240	317	132
241	198	-119
242	331	133
243	202	-129
244	336	134
245	212	-124
246	347	135
247	221	-126
248	357	136
249	234	-123
250	371	137
251	244	-127
252	382	138
253	254	-128
254	393	139
255	262	-131
256	402	140
257	269	-133
258	410	141
259	276	-134
260	418	142
261	288	-130
262	156	-132
263	299	143
264	150	-149
265	294	144
266	439	145
267	303	-136
268	449	146
269	314	-135
270	173	-141
271	321	148
272	182	-139
273	332	150
274	195	-137
275	346	151
276	194	-152
277	348	154
278	210	-138
279	365	155
280	225	-140
281	381	156
282	239	-142
283	396	157
284	253	-143
285	411	158
286	266	-145
287	425	159
288	281	-144
289	441	160
290	293	-148
291	454	161
292	301	-153
293	463	162
294	316	-147
295	479	163
296	333	-146
297	172	-161
298	337	165
299	187	-150
300	353	166
301	197	-156
302	364	167
303	193	-171
304	361	168
305	186	-175
306	355	169
307	525	170
308	374	-151
309	220	-154
310	391	171
311	231	-160
312	403	172
313	248	-155
314	421	173
315	264	-157
316	438	174
317	279	-159
318	455	176
319	292	-163
320	469	177
321	311	-158
322	489	178
323	327	-162
324	506	179
325	342	-164
326	522	180
327	354	-168
328	535	181
329	370	-165
330	552	182
331	386	-166
332	219	-167
333	404	185
334	235	-169
335	422	187
336	250	-172
337	440	190
338	261	-179
339	452	191
340	282	-170
341	474	192
342	300	-174
343	493	193
344	315	-178
345	509	194
346	328	-181
347	523	195
348	350	-173
349	546	196
350	369	-177
351	566	197
352	390	-176
353	588	198
354	408	-180
355	226	-182
356	426	200
357	241	-185
358	442	201
359	255	-187
360	457	202
361	274	-183
362	477	203
363	291	-186
364	495	204
365	306	-189
366	511	205
367	323	-188
368	529	206
369	345	-184
370	553	208
371	363	-190
372	572	209
373	380	-192
374	590	210
375	399	-191
376	610	211
377	417	-193
378	218	-199
379	430	212
380	229	-201
381	443	214
382	247	-196
383	462	215
384	260	-202
385	476	216
386	271	-205
387	488	217
388	290	-198
389	508	218
390	313	-195
391	532	219
392	338	-194
393	558	220
394	358	-200
395	579	221
396	376	-203
397	598	222
398	401	-197
399	624	223
400	420	-204
401	211	-209
402	435	224
403	228	-207
404	453	225
405	240	-213
406	466	226
407	251	-215
408	478	227
409	246	-232
410	475	229
411	237	-238
412	467	230
413	217	-250
414	448	231
415	680	232
416	472	-208
417	216	-256
418	450	234
419	685	235
420	473	-212
421	709	236
422	503	-206
423	289	-214
424	526	237
425	310	-216
426	548	238
427	330	-218
428	569	239
429	359	-210
430	599	240
431	388	-211
432	629	241
433	412	-217
434	654	242
435	434	-220
436	677	243
437	458	-219
438	702	244
439	481	-221
440	726	245
441	504	-222
442	277	-227
443	524	247
444	296	-228
445	544	248
446	319	-225
447	568	249
448	339	-229
449	589	250
450	366	-223
451	617	251
452	387	-230
453	639	252
454	415	-224
455	668	253
456	437	-231
457	691	254
458	465	-226
459	720	255
460	487	-233
461	743	256
462	507	-236
463	764	257
464	530	-234
465	287	-243
466	545	258
467	305	-240
468	564	259
469	325	-239
470	585	260
471	343	-242
472	604	261
473	367	-237
474	630	263
475	395	-235
476	659	264
477	414	-245
478	679	265
479	433	-246
480	699	266
481	451	-248
482	718	267
483	471	-247
484	739	268
485	498	-241
486	767	269
487	518	-249
488	788	270
489	537	-251
490	285	-252
491	556	271
492	312	-244
493	584	272
494	326	-258
495	600	274
496	341	-259
497	616	275
498	362	-254
499	638	276
500	385	-253
501	662	277
502	407	-255
503	686	279
504	429	-257
505	710	281
506	447	-263
507	729	282
508	468	-261
509	751	283
510	491	-260
511	775	284
512	513	-262
513	798	285
514	534	-264
515	820	286
516	555	-265
517	283	-272
518	570	287
519	302	-268
520	591	289
521	322	-269
522	612	290
523	335	-277
524	626	291
525	360	-266
526	652	292
527	379	-273
528	672	293
529	405	-267
530	700	295
531	424	-276
532	721	297
533	446	-275
534	744	298
535	470	-274
536	769	299
537	499	-270
538	799	300
539	528	-271
540	829	301
541	551	-278
542	853	302
543	574	-279
544	275	-299
545	578	303
546	882	304
547	602	-280
548	318	-284
549	623	305
550	340	-283
551	646	306
552	352	-294
553	660	308
554	378	-282
555	687	309
556	406	-281
557	716	310
558	431	-285
559	742	311
560	456	-286
561	768	312
562	480	-288
563	793	313
564	502	-291
565	816	314
566	527	-289
567	842	315
568	550	-292
569	866	316
570	576	-290
571	893	317
572	606	-287
573	309	-297
574	627	318
575	334	-293
576	653	319
577	351	-302
578	671	320
579	375	-296
580	696	321
581	398	-298
582	722	324
583	427	-295
584	752	325
585	445	-307
586	771	326
587	461	-310
588	789	328
589	486	-303
590	815	329
591	515	-300
592	845	330
593	541	-304
594	872	331
595	571	-301
596	903	332
597	597	-306
598	930	333
599	625	-305
600	959	334
601	651	-308
602	986	335
603	675	-311
604	349	-326
605	688	339
606	373	-315
607	713	340
608	400	-313
609	741	341
610	432	-309
611	774	342
612	460	-314
613	803	343
614	485	-318
615	830	345
616	514	-316
617	860	346
618	543	-317
619	890	347
620	567	-323
621	915	348
622	603	-312
623	952	349
624	633	-319
625	983	350
626	663	-320
627	1014	351
628	693	-321
629	368	-325
630	723	355
631	394	-329
632	750	356
633	428	-322
634	785	357
635	444	-341
636	802	358
637	464	-338
638	823	359
639	496	-327
640	856	360
641	521	-335
642	883	362
643	559	-324
644	922	363
645	594	-328
646	958	364
647	628	-330
648	993	365
649	661	-332
650	1027	366
651	694	-333
652	1061	367
653	730	-331
654	384	-346
655	753	369
656	419	-334
657	790	371
658	436	-354
659	808	372
660	459	-349
661	832	373
662	492	-340
663	867	375
664	531	-336
665	907	376
666	565	-342
667	942	377
668	605	-337
669	984	379
670	645	-339
671	1025	380
672	682	-343
673	1063	381
674	719	-344
675	372	-347
676	754	382
677	409	-345
678	792	383
679	423	-369
680	807	384
681	416	-391
682	801	385
683	413	-388
684	800	387
685	397	-403
686	786	389
687	392	-394
688	782	390
689	389	-393
690	780	391
691	383	-397
692	776	393
693	377	-399
694	772	395
695	1168	396
696	818	-350
697	1215	397
698	864	-351
699	516	-348
700	914	398
701	562	-352
702	961	399
703	608	-353
704	1008	400
705	650	-358
706	1051	401
707	695	-356
708	1097	402
709	740	-357
710	1143	403
711	784	-359
712	1188	404
713	833	-355
714	1238	405
715	878	-360
716	517	-361
717	923	406
718	561	-362
719	968	407
720	601	-367
721	1009	408
722	644	-365
723	1053	409
724	690	-363
725	1100	410
726	736	-364
727	1147	411
728	781	-366
729	1193	412
730	825	-368
731	1239	414
732	869	-370
733	497	-372
734	912	415
735	539	-373
736	955	416
737	581	-374
738	998	417
739	622	-376
740	1040	418
741	669	-371
742	1088	419
743	711	-377
744	1131	420
745	756	-375
746	1177	421
747	797	-380
748	1219	422
749	841	-378
750	1264	423
751	885	-379
752	501	-384
753	925	424
754	542	-383
755	967	425
756	586	-381
757	1012	426
758	620	-392
759	1047	427
760	665	-382
761	1093	428
762	708	-385
763	1137	429
764	748	-389
765	1178	430
766	791	-387
767	1222	431
768	836	-386
769	1268	432
770	873	-395
771	483	-390
772	916	433
773	520	-396
774	954	434
775	554	-400
776	989	435
777	587	-402
778	1023	436
779	619	-404
780	1056	437
781	658	-398
782	1096	438
783	689	-407
784	1128	439
785	727	-401
786	1167	440
787	762	-405
788	1203	441
789	795	-408
790	1237	442
791	831	-406
792	1274	443
793	865	-409
794	1309	444
795	899	-410
796	484	-415
797	929	445
798	512	-417
799	960	448
800	549	-411
801	999	450
802	583	-416
803	1034	451
804	621	-413
805	1073	452
806	655	-418
807	1108	453
808	684	-424
809	1138	454
810	724	-414
811	1179	455
812	760	-419
813	1216	456
814	804	-412
815	1261	457
816	840	-421
817	1298	458
818	876	-422
819	1335	459
820	910	-425
821	490	-420
822	950	460
823	519	-431
824	980	461
825	557	-423
826	1019	462
827	593	-426
828	1057	464
829	618	-439
830	1083	465
831	656	-427
832	1122	466
833	692	-430
834	1159	467
835	731	-428
836	1199	468
837	770	-429
838	1240	470
839	806	-434
840	1277	471
841	844	-433
842	1316	472
843	884	-432
844	1357	473
845	921	-436
846	1395	474
847	957	-438
848	510	-447
849	985	475
850	540	-445
851	1016	476
852	575	-441
853	1052	477
854	615	-437
855	1094	479
856	648	-446
857	1129	481
858	681	-448
859	1163	482
860	728	-435
861	1211	483
862	761	-450
863	1245	484
864	805	-440
865	1290	485
866	848	-442
867	1334	486
868	891	-443
869	1378	487
870	934	-444
871	482	-452
872	970	488
873	505	-465
874	994	489
875	538	-456
876	1028	490
877	577	-451
878	1068	491
879	614	-454
880	1106	492
881	657	-449
882	1150	493
883	697	-453
884	1191	494
885	734	-457
886	1229	495
887	766	-463
888	1262	496
889	796	-466
890	1293	497
891	838	-455
892	1336	498
893	877	-459
894	1376	499
895	918	-458
896	1418	500
897	956	-462
898	1457	501
899	997	-460
900	536	-461
901	1038	502
902	563	-475
903	1066	503
904	596	-470
905	1101	505
906	637	-464
907	1144	507
908	676	-468
909	1184	508
910	717	-467
911	1226	509
912	757	-469
913	1267	510
914	794	-473
915	1305	511
916	834	-471
917	1346	512
918	874	-472
919	1387	513
920	913	-474
921	1427	514
922	951	-476
923	1466	515
924	988	-478
925	500	-488
926	1017	517
927	533	-484
928	1054	521
929	573	-481
930	1095	522
931	613	-482
932	1136	523
933	649	-487
934	1173	524
935	683	-490
936	1208	525
937	725	-483
938	1251	526
939	765	-486
940	1292	527
941	813	-479
942	1341	528
943	861	-480
944	1390	529
945	905	-485
946	1435	530
947	946	-489
948	1477	531
949	1000	-477
950	494	-506
951	1026	532
952	1559	533
953	1067	-492
954	560	-507
955	1098	538
956	607	-491
957	1146	539
958	647	-499
959	1187	540
960	678	-509
961	1220	542
962	715	-505
963	1258	543
964	763	-495
965	1307	544
966	814	-493
967	1359	545
968	863	-496
969	1409	546
970	911	-498
971	1458	547
972	964	-494
973	1512	548
974	1015	-497
975	1564	549
976	1064	-500
977	547	-517
978	1099	552
979	595	-504
980	1148	553
981	640	-508
982	1194	554
983	674	-520
984	1230	556
985	714	-516
986	1271	557
987	759	-512
988	1317	558
989	787	-530
990	1347	560
991	846	-501
992	1407	561
993	904	-503
994	1467	563
995	965	-502
996	1529	564
997	1018	-511
998	1583	565
999	1070	-513
1000	1636	566
1001	1126	-510
1002	611	-515
1003	1180	569
1004	666	-514
1005	1236	570
1006	712	-524
1007	1283	571
1008	758	-525
1009	1330	572
1010	812	-518
1011	1385	573
1012	862	-523
1013	1436	574
1014	917	-519
1015	1492	575
1016	971	-521
1017	1547	576
1018	1021	-526
1019	1598	577
1020	1076	-522
1021	1654	578
1022	1127	-527
1023	592	-535
1024	1171	579
1025	643	-528
1026	1223	580
1027	673	-550
1028	1254	581
1029	707	-547
1030	1289	582
1031	755	-534
1032	1338	583
1033	809	-529
1034	1393	584
1035	857	-536
1036	1442	585
1037	909	-533
1038	1495	586
1039	963	-532
1040	1550	587
1041	1013	-537
1042	1601	588
1043	1062	-539
1044	1651	589
1045	1120	-531
1046	582	-538
1047	1172	590
1048	632	-540
1049	1224	592
1050	670	-554
1051	1263	593
1052	706	-557
1053	1300	594
1054	749	-551
1055	1344	595
1056	783	-561
1057	1379	596
1058	837	-542
1059	1434	597
1060	889	-545
1061	1487	598
1062	944	-543
1063	1543	599
1064	1002	-541
1065	1602	600
1066	1058	-544
1067	1659	601
1068	1113	-546
1069	1715	602
1070	1166	-549
1071	580	-586
1072	1183	603
1073	635	-548
1074	1241	606
1075	667	-574
1076	1275	608
1077	705	-570
1078	1314	609
1079	747	-567
1080	1358	611
1081	779	-579
1082	1391	612
1083	839	-552
1084	1452	613
1085	897	-555
1086	1511	614
1087	953	-558
1088	1568	615
1089	1006	-562
1090	1622	616
1091	1069	-553
1092	1686	617
1093	1130	-556
1094	1748	618
1095	1189	-559
1096	609	-580
1097	1228	619
1098	664	-564
1099	1284	620
1100	703	-581
1101	1324	621
1102	746	-578
1103	1368	622
1104	778	-590
1105	1401	623
1106	835	-566
1107	1459	624
1108	896	-563
1109	1521	625
1110	949	-572
1111	1575	626
1112	1010	-565
1113	1637	627
1114	1077	-560
1115	1705	628
1116	1134	-571
1117	1763	629
1118	1195	-568
1119	1825	630
1120	1256	-569
1121	642	-614
1122	1273	631
1123	698	-575
1124	1331	633
1125	738	-593
1126	1372	634
1127	777	-595
1128	1412	635
1129	828	-584
1130	1464	636
1131	888	-576
1132	1525	637
1133	948	-577
1134	1586	638
1135	1004	-582
1136	1643	639
1137	1060	-583
1138	1700	640
1139	1115	-585
1140	1756	641
1141	1169	-587
1142	1811	642
1143	1217	-594
1144	1860	643
1145	1287	-573
1146	641	-646
1147	1285	644
1148	636	-649
1149	1281	645
1150	634	-647
1151	1280	646
1152	1927	647
1153	1339	-588
1154	737	-602
1155	1386	649
1156	773	-613
1157	1423	650
1158	827	-596
1159	1478	651
1160	887	-591
1161	1539	652
1162	947	-592
1163	1600	653
1164	1011	-589
1165	1665	654
1166	1065	-600
1167	1720	655
1168	1123	-597
1169	1779	656
1170	1181	-598
1171	1838	657
1172	1235	-603
1173	631	-604
1174	1291	660
1175	1952	661
1176	1353	-599
1177	745	-608
1178	1408	663
1179	735	-673
1180	1399	664
1181	733	-666
1182	1398	665
1183	704	-694
1184	1370	666
1185	732	-638
1186	1400	668
1187	701	-699
1188	1371	670
1189	2042	671
1190	1441	-601
1191	826	-615
1192	1498	672
1193	892	-606
1194	1565	673
1195	945	-620
1196	1619	674
1197	1007	-612
1198	1682	675
1199	1075	-607
1200	1751	676
1201	1142	-609
1202	1819	677
1203	1214	-605
1204	1892	678
1205	1282	-610
1206	1961	679
1207	1350	-611
1208	2030	680
1209	1414	-616
1210	2095	681
1211	1476	-619
1212	859	-617
1213	1541	682
1214	920	-621
1215	1603	683
1216	981	-622
1217	1666	685
1218	1048	-618
1219	1734	686
1220	1111	-623
1221	1798	687
1222	1174	-624
1223	1862	688
1224	1234	-628
1225	1923	689
1226	1297	-626
1227	1987	690
1228	1362	-625
1229	2053	691
1230	1426	-627
1231	2118	692
1232	1489	-629
1233	858	-631
1234	1551	693
1235	919	-632
1236	1613	694
1237	979	-634
1238	1674	695
1239	1044	-630
1240	1740	696
1241	1107	-633
1242	1804	697
1243	1165	-639
1244	1863	698
1245	1227	-636
1246	1926	699
1247	1286	-640
1248	1986	700
1249	1351	-635
1250	2052	701
1251	1415	-637
1252	2117	702
1253	1475	-642
1254	824	-651
1255	1527	703
1256	886	-641
1257	1590	704
1258	940	-650
1259	1645	705
1260	1001	-644
1261	1707	706
1262	1059	-648
1263	1766	707
1264	1121	-645
1265	1829	708
1266	1186	-643
1267	1895	709
1268	1243	-652
1269	1953	710
1270	1299	-654
1271	2010	711
1272	1355	-655
1273	2067	712
1274	1411	-656
1275	2124	713
1276	1471	-653
1277	811	-660
1278	1526	715
1279	868	-658
1280	1584	716
1281	927	-657
1282	1644	717
1283	982	-662
1284	1701	719
1285	1042	-659
1286	1762	720
1287	1092	-670
1288	1813	721
1289	1152	-661
1290	1874	722
1291	1210	-664
1292	1933	723
1293	1270	-663
1294	1994	724
1295	1329	-665
1296	2054	725
1297	1383	-671
1298	2109	726
1299	1440	-669
1300	2167	727
1301	1500	-667
1302	822	-678
1303	1552	730
1304	880	-672
1305	1611	731
1306	943	-668
1307	1675	732
1308	996	-679
1309	1729	733
1310	1055	-674
1311	1789	734
1312	1114	-675
1313	1849	735
1314	1164	-685
1315	1900	736
1316	1218	-682
1317	1955	737
1318	1279	-676
1319	2017	738
1320	1340	-677
1321	2079	739
1322	1396	-683
1323	2136	740
1324	1456	-680
1325	2197	741
1326	1516	-681
1327	821	-695
1328	1563	742
1329	879	-684
1330	1623	744
1331	937	-686
1332	1683	746
1333	995	-688
1334	1742	747
1335	1050	-692
1336	1799	749
1337	1112	-687
1338	1864	752
1339	1175	-689
1340	1928	753
1341	1232	-696
1342	1988	756
1343	1295	-693
1344	2055	760
1345	1365	-690
1346	2126	761
1347	1429	-697
1348	2191	762
1349	1493	-698
1350	2256	763
1351	1556	-700
1352	855	-701
1353	1620	765
1354	908	-712
1355	1676	768
1356	974	-702
1357	1743	769
1358	1039	-704
1359	1809	770
1360	1118	-691
1361	1889	771
1362	1182	-707
1363	1954	772
1364	1249	-705
1365	2022	773
1366	1319	-703
1367	2093	774
1368	1384	-709
1369	2159	775
1370	1453	-706
1371	2229	776
1372	1519	-710
1373	2296	777
1374	1588	-708
1375	875	-713
1376	1653	778
1377	939	-714
1378	1718	779
1379	1003	-715
1380	1783	780
1381	1072	-711
1382	1853	781
1383	1135	-718
1384	1917	782
1385	1201	-716
1386	1984	783
1387	1265	-719
1388	2049	784
1389	1332	-717
1390	2119	787
1391	1397	-722
1392	2185	788
1393	1465	-720
1394	2254	789
1395	1533	-721
1396	810	-723
1397	1604	794
1398	871	-733
1399	1667	796
1400	941	-726
1401	1738	797
1402	992	-746
1403	1790	798
1404	1049	-741
1405	1848	799
1406	1124	-724
1407	1924	800
1408	1197	-727
1409	1998	801
1410	1269	-729
1411	2071	802
1412	1343	-728
1413	2146	803
1414	1421	-725
1415	2225	804
1416	1494	-731
1417	2299	805
1418	1569	-730
1419	819	-750
1420	1625	806
1421	881	-744
1422	1688	807
1423	936	-752
1424	1744	808
1425	1005	-739
1426	1814	809
1427	1082	-732
1428	1893	811
1429	1158	-735
1430	1970	812
1431	1233	-737
1432	2046	813
1433	1312	-734
1434	2127	815
1435	1389	-738
1436	2205	816
1437	1469	-736
1438	2286	817
1439	1546	-740
1440	2364	818
1441	1621	-743
1442	870	-751
1443	1689	819
1444	935	-754
1445	1755	820
1446	991	-764
1447	1812	821
1448	1046	-766
1449	1868	822
1450	1119	-749
1451	1942	823
1452	1200	-742
1453	2024	824
1454	1276	-748
1455	2101	825
1456	1356	-745
1457	2182	826
1458	1425	-757
1459	2252	827
1460	1505	-747
1461	2333	828
1462	1580	-753
1463	817	-763
1464	1646	829
1465	854	-792
1466	1684	830
1467	928	-756
1468	1759	831
1469	990	-769
1470	1822	832
1471	1045	-777
1472	1878	833
1473	1117	-761
1474	1951	834
1475	1196	-755
1476	2031	835
1477	1272	-759
1478	2108	836
1479	1348	-760
1480	2186	838
1481	1428	-758
1482	2267	839
1483	1502	-765
1484	2342	840
1485	1574	-768
1486	2415	841
1487	1648	-767
1488	852	-796
1489	1694	842
1490	932	-762
1491	1775	843
1492	987	-788
1493	1831	844
1494	1041	-790
1495	1886	845
1496	1116	-770
1497	1962	846
1498	1190	-772
1499	2037	847
1500	1266	-771
1501	2114	848
1502	1333	-781
1503	2183	850
1504	1410	-773
1505	2261	851
1506	1486	-775
1507	2338	852
1508	1562	-776
1509	2416	854
1510	1642	-774
1511	851	-791
1512	1706	855
1513	926	-780
1514	1782	856
1515	978	-804
1516	1835	857
1517	1037	-798
1518	1896	859
1519	1110	-786
1520	1971	861
1521	1192	-779
1522	2056	864
1523	1278	-778
1524	2143	865
1525	1361	-782
1526	2227	866
1527	1444	-783
1528	2311	867
1529	1524	-787
1530	2392	868
1531	1608	-784
1532	2477	869
1533	1692	-785
1534	898	-794
1535	1768	870
1536	975	-793
1537	1846	871
1538	1043	-803
1539	1915	872
1540	1109	-806
1541	1982	873
1542	1185	-797
1543	2059	874
1544	1260	-799
1545	2135	875
1546	1328	-807
1547	2204	876
1548	1404	-800
1549	2281	877
1550	1480	-801
1551	2358	878
1552	1553	-805
1553	2432	879
1554	1630	-802
1555	2510	880
1556	1721	-789
1557	906	-815
1558	1787	881
1559	977	-810
1560	1859	882
1561	1036	-823
1562	1919	883
1563	1105	-814
1564	1989	884
1565	1176	-813
1566	2061	885
1567	1253	-808
1568	2139	886
1569	1327	-812
1570	2214	887
1571	1419	-795
1572	2307	888
1573	1496	-811
1574	2385	889
1575	1576	-809
1576	2466	890
1577	1650	-816
1578	2541	891
1579	1724	-817
1580	902	-822
1581	1794	892
1582	976	-818
1583	1869	893
1584	1035	-834
1585	1929	894
1586	1104	-825
1587	1999	895
1588	1170	-829
1589	2066	896
1590	1247	-819
1591	2144	897
1592	1323	-821
1593	2221	898
1594	1394	-827
1595	2293	899
1596	1473	-820
1597	2373	900
1598	1549	-824
1599	2450	901
1600	1624	-826
1601	2526	902
1602	1698	-828
1603	850	-848
1604	1753	903
1605	901	-852
1606	1805	904
1607	973	-832
1608	1879	906
1609	1033	-846
1610	1940	907
1611	1103	-837
1612	2011	908
1613	1162	-849
1614	2072	910
1615	1242	-830
1616	2153	911
1617	1322	-831
1618	2234	912
1619	1392	-842
1620	2305	913
1621	1472	-833
1622	2386	914
1623	1548	-838
1624	2463	915
1625	1628	-835
1626	2544	916
1627	1708	-836
1628	849	-859
1629	1767	918
1630	924	-843
1631	1843	919
1632	972	-871
1633	1894	922
1634	1032	-862
1635	1956	924
1636	1102	-854
1637	2027	925
1638	1161	-866
1639	2087	926
1640	1248	-839
1641	2175	927
1642	1325	-850
1643	2253	928
1644	1413	-840
1645	2343	930
1646	1499	-844
1647	2430	931
1648	1589	-841
1649	2521	932
1650	1670	-851
1651	2603	933
1652	1758	-845
1653	900	-858
1654	1834	934
1655	969	-865
1656	1904	935
1657	1031	-873
1658	1967	936
1659	1091	-876
1660	2028	937
1661	1160	-868
1662	2098	938
1663	1231	-867
1664	2170	939
1665	1315	-855
1666	2255	940
1667	1402	-853
1668	2344	942
1669	1497	-847
1670	2440	943
1671	1579	-861
1672	2523	944
1673	1663	-860
1674	2608	945
1675	1752	-856
1676	895	-857
1677	1841	946
1678	966	-875
1679	1913	947
1680	1030	-883
1681	1978	948
1682	1090	-888
1683	2039	949
1684	1157	-882
1685	2107	950
1686	1244	-863
1687	2195	951
1688	1326	-869
1689	2278	952
1690	1406	-872
1691	2359	953
1692	1485	-874
1693	2439	954
1694	1561	-878
1695	2516	955
1696	1652	-864
1697	2609	957
1698	1739	-870
1699	847	-892
1700	1806	959
1701	894	-912
1702	1854	960
1703	938	-916
1704	1899	961
1705	1022	-877
1706	1985	963
1707	1089	-896
1708	2057	968
1709	1156	-901
1710	2125	969
1711	1246	-879
1712	2216	970
1713	1321	-895
1714	2292	971
1715	1405	-887
1716	2377	972
1717	1491	-886
1718	2464	973
1719	1573	-891
1720	2547	974
1721	1662	-885
1722	2637	975
1723	1757	-880
1724	843	-914
1725	1820	977
1726	931	-889
1727	1909	978
1728	962	-947
1729	1941	979
1730	1024	-917
1731	2004	980
1732	1086	-918
1733	2068	982
1734	1155	-913
1735	2138	983
1736	1257	-881
1737	2241	984
1738	1342	-899
1739	2327	985
1740	1443	-884
1741	2429	986
1742	1536	-893
1743	2524	988
1744	1634	-890
1745	2623	989
1746	1726	-897
1747	2716	990
1748	1818	-898
1749	2809	991
1750	1907	-902
1751	933	-974
1752	1925	992
1753	1020	-905
1754	2013	993
1755	1087	-926
1756	2081	994
1757	1154	-927
1758	2149	995
1759	1255	-894
1760	2251	996
1761	1345	-906
1762	2345	1000
1763	1445	-900
1764	2446	1001
1765	1542	-904
1766	2545	1003
1767	1638	-907
1768	2642	1004
1769	1733	-909
1770	2738	1005
1771	1830	-908
1772	2836	1006
1773	1921	-915
1774	2928	1007
1775	2025	-903
1776	1085	-940
1777	2094	1009
1778	1153	-941
1779	2163	1010
1780	1252	-911
1781	2263	1011
1782	1320	-943
1783	2332	1012
1784	1422	-910
1785	2435	1013
1786	1515	-920
1787	2529	1014
1788	1610	-919
1789	2625	1015
1790	1704	-921
1791	2720	1016
1792	1797	-923
1793	2814	1017
1794	1890	-924
1795	2908	1018
1796	1983	-925
1797	1029	-954
1798	2048	1019
1799	1084	-964
1800	2104	1020
1801	1151	-953
1802	2172	1021
1803	1250	-922
1804	2272	1022
1805	1337	-935
1806	2360	1023
1807	1432	-928
1808	2456	1024
1809	1523	-933
1810	2548	1025
1811	1618	-930
1812	2644	1026
1813	1713	-931
1814	2740	1027
1815	1808	-932
1816	2837	1029
1817	1908	-929
1818	2938	1030
1819	2002	-936
1820	3033	1031
1821	2099	-934
1822	1149	-950
1823	2181	1032
1824	1225	-956
1825	2258	1033
1826	1313	-945
1827	2347	1034
1828	1403	-944
1829	2438	1035
1830	1501	-937
1831	2537	1036
1832	1599	-938
1833	2636	1037
1834	1697	-939
1835	2735	1038
1836	1793	-942
1837	2832	1039
1838	1884	-948
1839	2924	1040
1840	1975	-949
1841	3016	1041
1842	2070	-946
1843	1081	-989
1844	2123	1042
1845	1145	-978
1846	2188	1043
1847	1221	-967
1848	2265	1044
1849	1310	-955
1850	2355	1045
1851	1382	-973
1852	2428	1046
1853	1470	-958
1854	2517	1047
1855	1566	-951
1856	2614	1048
1857	1657	-957
1858	2706	1049
1859	1754	-952
1860	2804	1050
1861	1845	-959
1862	2896	1051
1863	1936	-960
1864	2988	1052
1865	2026	-962
1866	3079	1053
1867	2116	-963
1868	1141	-975
1869	2196	1055
1870	1213	-983
1871	2269	1056
1872	1308	-961
1873	2365	1057
1874	1388	-977
1875	2447	1059
1876	1482	-965
1877	2542	1060
1878	1572	-970
1879	2633	1061
1880	1664	-969
1881	2726	1062
1882	1760	-966
1883	2823	1063
1884	1855	-968
1885	2919	1064
1886	1948	-971
1887	3013	1065
1888	2041	-972
1889	3107	1066
1890	2131	-976
1891	1140	-991
1892	2207	1067
1893	1212	-995
1894	2280	1068
1895	1301	-979
1896	2370	1069
1897	1380	-990
1898	2451	1071
1899	1463	-988
1900	2535	1072
1901	1555	-980
1902	2628	1073
1903	1647	-981
1904	2721	1074
1905	1737	-984
1906	2812	1075
1907	1827	-985
1908	2903	1076
1909	1916	-987
1910	2993	1077
1911	2007	-986
1912	3085	1078
1913	2103	-982
1914	1080	-1023
1915	2160	1080
1916	1139	-1021
1917	2220	1081
1918	1209	-1011
1919	2291	1082
1920	1294	-997
1921	2378	1084
1922	1377	-1001
1923	2462	1085
1924	1468	-994
1925	2554	1086
1926	1558	-996
1927	2645	1087
1928	1641	-1004
1929	2729	1088
1930	1736	-993
1931	2825	1089
1932	1833	-992
1933	2923	1090
1934	1920	-1003
1935	3011	1091
1936	2012	-999
1937	3104	1092
1938	2106	-998
1939	1079	-1027
1940	2173	1094
1941	1133	-1040
1942	2228	1095
1943	1206	-1022
1944	2302	1096
1945	1302	-1000
1946	2399	1097
1947	1381	-1018
1948	2479	1098
1949	1474	-1005
1950	2573	1099
1951	1571	-1002
1952	2671	1100
1953	1661	-1010
1954	2762	1101
1955	1750	-1012
1956	2852	1102
1957	1844	-1008
1958	2947	1103
1959	1938	-1009
1960	3042	1104
1961	2036	-1006
1962	3141	1105
1963	2134	-1007
1964	1078	-1056
1965	2184	1106
1966	1132	-1052
1967	2239	1107
1968	1207	-1032
1969	2315	1108
1970	1296	-1019
1971	2405	1109
1972	1375	-1030
1973	2485	1110
1974	1461	-1024
1975	2572	1111
1976	1557	-1015
1977	2669	1112
1978	1656	-1013
1979	2769	1113
1980	1749	-1020
1981	2863	1114
1982	1847	-1016
1983	2962	1115
1984	1945	-1017
1985	3061	1116
1986	2047	-1014
1987	3164	1117
1988	2133	-1031
1989	1074	-1059
1990	2192	1118
1991	1125	-1067
1992	2244	1119
1993	1205	-1039
1994	2325	1120
1995	1288	-1037
1996	2409	1121
1997	1374	-1035
1998	2496	1122
1999	1462	-1034
2000	2585	1123
